Dew_Gaulfoss_grid_grid/dew_landscape.txt
ncols         1195
nrows         1550
xllcorner     -75000
yllcorner     6450000
cellsize      1000
NODATA_value  -9999
[rows 0 to 33 of 59, columns 912 to 987 of 1195]
16 24.0903 0.0000 560.0000 560.0000 2 2 40.1506 1 1 35.7591 0 1.0000 0 1.0000 40 1190583 0 1000000.0000 640.0000 640.0000 640.0000 640.0000 16 0.0000 0.0000 640.0000 640.0000 2 2 67.9406 1 1 32.0594 0 1.0000 0 1.0000 41 1190584 0 1000000.0000 690.0000 690.0000 690.0000 690.0000 8 0.0000 0.0000 690.0000 690.0000 2 2 79.0123 1 1 20.9877 0 1.0000 0 1.0000 42 1191748 0 1000000.0000 320.0000 320.0000 320.0000 320.0000 128 0.0000 0.0000 320.0000 320.0000 0 0
650.0000 1 0.0000 0.0000 650.0000 650.0000 2 2 69.1145 1 1 30.8855 0 1.0000 0 1.0000 92 1194167 0 1000000.0000 551.0000 551.0000 551.0000 551.0000 64 69.5652 0.0000 551.0000 551.0000 2 2 21.4047 1 1 9.0301 0 1.0000 0 1.0000 93 1194168 0 1000000.0000 542.0000 542.0000 542.0000 542.0000 32 82.4561 0.0000 542.0000 542.0000 2 2 17.5439 1 1 0.0000 0 1.0000 0 1.0000 94 1194169 0 1000000.0000 580.0000 580.0000 580.0000 580.0000 16 19.8685 0.0000 580.0000 580.0000 1
593.0000 593.0000 8 0.0000 0.0000 593.0000 593.0000 1 1 75.4601 0 0 24.5399 0 1.0000 0 1.0000 144 1196545 0 1000000.0000 720.0000 720.0000 720.0000 720.0000 16 0.0000 0.0000 720.0000 720.0000 2 2 55.1724 1 1 44.8276 0 1.0000 0 1.0000 145 1196546 0 1000000.0000 690.0000 690.0000 690.0000 690.0000 1 0.0000 0.0000 690.0000 690.0000 0 0 62.9630 2 2 37.0370 0 1.0000 0 1.0000 146 1196547 0 1000000.0000 578.0000 578.0000 578.0000 578.0000 128 13.0879 0.0000 578.0000 578.0000
650.0000 650.0000 650.0000 16 0.0000 0.0000 650.0000 650.0000 0 0 82.7586 2 2 17.2414 0 1.0000 0 1.0000 196 1197760 0 1000000.0000 720.0000 720.0000 720.0000 720.0000 32 0.0000 0.0000 720.0000 720.0000 0 0 75.0000 2 2 25.0000 0 1.0000 0 1.0000 197 1197761 0 1000000.0000 700.0000 700.0000 700.0000 700.0000 128 0.0000 0.0000 700.0000 700.0000 0 0 71.8310 2 2 28.1690 0 1.0000 0 1.0000 198 1198916 0 1000000.0000 540.0000 540.0000 540.0000 540.0000 1 0.0000 0.0000 540.0000
180.0000 180.0000 180.0000 180.0000 16 0.0000 0.0000 180.0000 180.0000 0 0 77.2727 2 2 22.7273 0 1.0000 0 1.0000 248 1200122 0 1000000.0000 200.0000 200.0000 200.0000 200.0000 16 0.0000 0.0000 200.0000 200.0000 0 0 78.0220 2 2 21.9780 0 1.0000 0 1.0000 249 1200123 0 1000000.0000 268.0000 268.0000 268.0000 268.0000 16 0.0000 0.0000 268.0000 268.0000 0 0 75.0000 2 2 25.0000 0 1.0000 0 1.0000 250 1200124 0 1000000.0000 103.0000 103.0000 103.0000 103.0000 16 0.0000 0.0000
1000000.0000 580.0000 580.0000 580.0000 580.0000 8 0.0000 0.0000 580.0000 580.0000 1 1 63.8126 0 0 36.1874 0 1.0000 0 1.0000 300 1201328 0 1000000.0000 680.0000 680.0000 680.0000 680.0000 2 0.0000 0.0000 680.0000 680.0000 1 1 78.0672 2 2 21.9328 0 1.0000 0 1.0000 301 1201329 0 1000000.0000 580.0000 580.0000 580.0000 580.0000 4 0.0000 0.0000 580.0000 580.0000 1 1 76.7611 2 2 23.2389 0 1.0000 0 1.0000 302 1201330 0 1000000.0000 565.0000 565.0000 565.0000 565.0000 4 0.0000
0 1000000.0000 600.0000 600.0000 600.0000 600.0000 8 0.0000 0.0000 600.0000 600.0000 0 0 68.7500 2 2 31.2500 0 1.0000 0 1.0000 352 1202529 0 1000000.0000 707.0000 707.0000 707.0000 707.0000 8 0.0000 0.0000 707.0000 707.0000 2 2 86.4865 1 1 13.5135 0 1.0000 0 1.0000 353 1202530 0 1000000.0000 780.0000 780.0000 780.0000 780.0000 8 0.0000 0.0000 780.0000 780.0000 2 2 90.3955 1 1 9.6045 0 1.0000 0 1.0000 354 1202531 0 1000000.0000 770.0000 770.0000 770.0000 770.0000 1
1203721 0 1000000.0000 490.0000 490.0000 490.0000 490.0000 4 0.0000 0.0000 490.0000 490.0000 0 0 77.0662 1 1 22.9338 0 1.0000 0 1.0000 404 1203722 0 1000000.0000 480.0000 480.0000 480.0000 480.0000 8 0.0000 0.0000 480.0000 480.0000 0 0 75.5259 1 1 24.4741 0 1.0000 0 1.0000 405 1203723 0 1000000.0000 550.0000 550.0000 550.0000 550.0000 8 0.0000 0.0000 550.0000 550.0000 0 0 76.6301 1 1 23.3699 0 1.0000 0 1.0000 406 1203724 0 1000000.0000 590.0000 590.0000 590.0000 590.0000
455 1204910 0 1000000.0000 280.0000 280.0000 280.0000 280.0000 16 0.0000 0.0000 280.0000 280.0000 0 0 78.9474 2 2 21.0526 0 1.0000 0 1.0000 456 1204911 0 1000000.0000 400.0000 400.0000 400.0000 400.0000 8 0.0000 0.0000 400.0000 400.0000 0 0 79.3814 2 2 20.6186 0 1.0000 0 1.0000 457 1204912 0 1000000.0000 488.0000 488.0000 488.0000 488.0000 16 0.0000 0.0000 488.0000 488.0000 0 0 81.6514 2 2 18.3486 0 1.0000 0 1.0000 458 1204913 0 1000000.0000 500.0000 500.0000 500.0000
1.0000 507 1206094 0 1000000.0000 595.0000 595.0000 595.0000 595.0000 16 0.0000 0.0000 595.0000 595.0000 0 0 76.6174 1 1 23.3826 0 1.0000 0 1.0000 508 1206095 0 1000000.0000 600.0000 600.0000 600.0000 600.0000 8 0.0000 0.0000 600.0000 600.0000 0 0 78.2263 1 1 21.7737 0 1.0000 0 1.0000 509 1206096 0 1000000.0000 676.0000 676.0000 676.0000 676.0000 8 0.0000 0.0000 676.0000 676.0000 1 1 68.9451 0 0 31.0549 0 1.0000 0 1.0000 510 1206097 0 1000000.0000 620.0000 620.0000
0 1.0000 559 1207269 0 1000000.0000 1093.0000 1093.0000 1093.0000 1093.0000 2 0.0000 0.0000 1093.0000 1093.0000 2 2 82.4742 1 1 17.5258 0 1.0000 0 1.0000 560 1207271 0 1000000.0000 1040.0000 1040.0000 1040.0000 1040.0000 2 0.0000 0.0000 1040.0000 1040.0000 2 2 100.0000 1 1 0.0000 0 1.0000 0 1.0000 561 1207272 0 1000000.0000 820.0000 820.0000 820.0000 820.0000 1 0.0000 0.0000 820.0000 820.0000 2 2 94.3953 1 1 5.6047 0 1.0000 0 1.0000 562 1207273 0 1000000.0000 700.0000
1.0000 0 1.0000 611 1207322 0 1000000.0000 544.0000 544.0000 544.0000 544.0000 8 5.9134 0.0000 544.0000 544.0000 0 0 61.7805 1 1 32.3061 0 1.0000 0 1.0000 612 1207323 0 1000000.0000 603.0000 603.0000 603.0000 603.0000 16 0.0000 0.0000 603.0000 603.0000 1 1 72.9730 0 0 27.0270 0 1.0000 0 1.0000 613 1207324 0 1000000.0000 620.0000 620.0000 620.0000 620.0000 8 0.0000 0.0000 620.0000 620.0000 1 1 77.7003 2 2 22.2997 0 1.0000 0 1.0000 614 1207325 0 1000000.0000
0 1.0000 0 1.0000 663 1208496 0 1000000.0000 148.0000 148.0000 148.0000 148.0000 32 0.0000 0.0000 148.0000 148.0000 0 0 71.4286 2 2 28.5714 0 1.0000 0 1.0000 664 1208497 0 1000000.0000 350.0000 350.0000 350.0000 350.0000 16 0.0000 0.0000 350.0000 350.0000 0 0 78.7234 2 2 21.2766 0 1.0000 0 1.0000 665 1208498 0 1000000.0000 430.0000 430.0000 430.0000 430.0000 4 0.0000 0.0000 430.0000 430.0000 0 0 81.4815 2 2 18.5185 0 1.0000 0 1.0000 666 1208499 0
38.3007 0 1.0000 0 1.0000 715 1209666 0 1000000.0000 586.0000 586.0000 586.0000 586.0000 2 0.0000 0.0000 586.0000 586.0000 0 0 72.8580 1 1 27.1420 0 1.0000 0 1.0000 716 1209667 0 1000000.0000 560.0000 560.0000 560.0000 560.0000 2 0.0000 0.0000 560.0000 560.0000 0 0 57.8811 1 1 42.1189 0 1.0000 0 1.0000 717 1209668 0 1000000.0000 507.0000 507.0000 507.0000 507.0000 2 0.0000 0.0000 507.0000 507.0000 0 0 74.2268 1 1 25.7732 0 1.0000 0 1.0000 718 1209669
1 48.3562 0 1.0000 0 1.0000 767 1209718 0 1000000.0000 630.0000 630.0000 630.0000 630.0000 4 0.0000 0.0000 630.0000 630.0000 1 1 58.0222 0 0 41.9778 0 1.0000 0 1.0000 768 1209719 0 1000000.0000 700.0000 700.0000 700.0000 700.0000 4 0.0000 0.0000 700.0000 700.0000 1 1 73.8348 2 2 26.1652 0 1.0000 0 1.0000 769 1209720 0 1000000.0000 730.0000 730.0000 730.0000 730.0000 4 0.0000 0.0000 730.0000 730.0000 1 1 63.6364 2 2 36.3636 0 1.0000 0 1.0000 770
2 2 16.6667 0 1.0000 0 1.0000 819 1210887 0 1000000.0000 400.0000 400.0000 400.0000 400.0000 64 0.0000 0.0000 400.0000 400.0000 0 0 83.3333 2 2 16.6667 0 1.0000 0 1.0000 820 1210888 0 1000000.0000 275.0000 275.0000 275.0000 275.0000 64 0.0000 0.0000 275.0000 275.0000 0 0 81.8182 2 2 18.1818 0 1.0000 0 1.0000 821 1210889 0 1000000.0000 180.0000 180.0000 180.0000 180.0000 32 0.0000 0.0000 180.0000 180.0000 0 0 52.3810 2 2 47.6190 0 1.0000 0 1.0000
82.4561 2 2 17.5439 0 1.0000 0 1.0000 871 1212054 0 1000000.0000 544.0000 544.0000 544.0000 544.0000 2 0.0000 0.0000 544.0000 544.0000 0 0 78.4314 1 1 21.5686 0 1.0000 0 1.0000 872 1212055 0 1000000.0000 520.0000 520.0000 520.0000 520.0000 2 0.0000 0.0000 520.0000 520.0000 0 0 81.9820 2 2 18.0180 0 1.0000 0 1.0000 873 1212056 0 1000000.0000 497.0000 497.0000 497.0000 497.0000 2 0.0000 0.0000 497.0000 497.0000 0 0 82.1429 2 2 17.8571 0 1.0000 0
0 58.3333 2 2 41.6667 0 1.0000 0 1.0000 923 1212106 0 1000000.0000 388.0000 388.0000 388.0000 388.0000 4 0.0000 0.0000 388.0000 388.0000 0 0 77.7778 2 2 22.2222 0 1.0000 0 1.0000 924 1212107 0 1000000.0000 310.0000 310.0000 310.0000 310.0000 4 0.0000 0.0000 310.0000 310.0000 0 0 83.0508 2 2 16.9492 0 1.0000 0 1.0000 925 1212108 0 1000000.0000 460.0000 460.0000 460.0000 460.0000 8 0.0000 0.0000 460.0000 460.0000 0 0 83.3333 2 2 16.6667 0 1.0000
0 0 56.7455 1 1 43.2545 0 1.0000 0 1.0000 975 1213274 0 1000000.0000 748.0000 748.0000 748.0000 748.0000 64 0.0000 0.0000 748.0000 748.0000 0 0 77.2727 2 2 22.7273 0 1.0000 0 1.0000 976 1213275 0 1000000.0000 700.0000 700.0000 700.0000 700.0000 128 0.0000 0.0000 700.0000 700.0000 0 0 64.5614 1 1 35.4386 0 1.0000 0 1.0000 977 1213276 0 1000000.0000 647.0000 647.0000 647.0000 647.0000 128 0.0000 0.0000 647.0000 647.0000 2 2 82.9016 1 1 17.0984 0
573.0000 0 0 52.3134 1 1 47.6866 0 1.0000 0 1.0000 1027 1214442 0 1000000.0000 520.0000 520.0000 520.0000 520.0000 1 0.0000 0.0000 520.0000 520.0000 0 0 50.5890 1 1 49.4110 0 1.0000 0 1.0000 1028 1214443 0 1000000.0000 480.0000 480.0000 480.0000 480.0000 2 2.3335 0.0000 480.0000 480.0000 0 0 74.9413 1 1 22.7252 0 1.0000 0 1.0000 1029 1214444 0 1000000.0000 554.0000 554.0000 554.0000 554.0000 2 2.4578 0.0000 554.0000 554.0000 0 0 80.8684 2 2 16.6739
510.0000 510.0000 0 0 83.3333 2 2 16.6667 0 1.0000 0 1.0000 1079 1214494 0 1000000.0000 580.0000 580.0000 580.0000 580.0000 128 0.0000 0.0000 580.0000 580.0000 0 0 81.9820 2 2 18.0180 0 1.0000 0 1.0000 1080 1214495 0 1000000.0000 360.0000 360.0000 360.0000 360.0000 64 0.0000 0.0000 360.0000 360.0000 0 0 83.3333 2 2 16.6667 0 1.0000 0 1.0000 1081 1214496 0 1000000.0000 440.0000 440.0000 440.0000 440.0000 64 0.0000 0.0000 440.0000 440.0000 0 0 83.3333 2 2
0.0000 560.0000 560.0000 0 0 83.0508 2 2 16.9492 0 1.0000 0 1.0000 1131 1215662 0 1000000.0000 640.0000 640.0000 640.0000 640.0000 16 0.0000 0.0000 640.0000 640.0000 0 0 80.0000 2 2 20.0000 0 1.0000 0 1.0000 1132 1215663 0 1000000.0000 680.0000 680.0000 680.0000 680.0000 32 0.0000 0.0000 680.0000 680.0000 0 0 62.9630 2 2 37.0370 0 1.0000 0 1.0000 1133 1215664 0 1000000.0000 690.0000 690.0000 690.0000 690.0000 32 0.0000 0.0000 690.0000 690.0000 0 0 64.9123 2
9.0141 0.0000 720.0000 720.0000 0 0 54.5915 2 2 36.3944 0 1.0000 0 1.0000 1183 1216829 0 1000000.0000 760.0000 760.0000 760.0000 760.0000 64 0.0000 0.0000 760.0000 760.0000 0 0 77.5281 2 2 22.4719 0 1.0000 0 1.0000 1184 1216830 0 1000000.0000 700.0000 700.0000 700.0000 700.0000 2 0.0000 0.0000 700.0000 700.0000 0 0 70.9633 1 1 29.0367 0 1.0000 0 1.0000 1185 1216831 0 1000000.0000 660.0000 660.0000 660.0000 660.0000 2 0.0000 0.0000 660.0000 660.0000 0 0 78.2609
128 0.0000 0.0000 860.0000 860.0000 2 2 92.7536 1 1 7.2464 0 1.0000 0 1.0000 1235 1216881 0 1000000.0000 840.0000 840.0000 840.0000 840.0000 128 0.0000 0.0000 840.0000 840.0000 2 2 84.2105 1 1 15.7895 0 1.0000 0 1.0000 1236 1216882 0 1000000.0000 720.0000 720.0000 720.0000 720.0000 128 0.0000 0.0000 720.0000 720.0000 0 0 70.5882 2 2 29.4118 0 1.0000 0 1.0000 1237 1216883 0 1000000.0000 600.0000 600.0000 600.0000 600.0000 1 0.0000 0.0000 600.0000 600.0000 1 1
520.0000 64 0.0000 0.0000 520.0000 520.0000 0 0 77.2727 2 2 22.7273 0 1.0000 0 1.0000 1287 1218051 0 1000000.0000 520.0000 520.0000 520.0000 520.0000 32 0.0000 0.0000 520.0000 520.0000 0 0 82.4561 2 2 17.5439 0 1.0000 0 1.0000 1288 1218052 0 1000000.0000 585.0000 585.0000 585.0000 585.0000 16 0.0000 0.0000 585.0000 585.0000 0 0 82.9060 2 2 17.0940 0 1.0000 0 1.0000 1289 1218053 0 1000000.0000 660.0000 660.0000 660.0000 660.0000 8 0.0000 0.0000 660.0000 660.0000 0
1080.0000 1080.0000 8 12.9032 0.0000 1080.0000 1080.0000 2 2 86.0215 1 1 1.0753 0 1.0000 0 1.0000 1339 1218103 0 1000000.0000 1095.0000 1095.0000 1095.0000 1095.0000 8 32.2581 0.0000 1095.0000 1095.0000 2 2 64.5161 1 1 3.2258 0 1.0000 0 1.0000 1340 1219220 0 1000000.0000 630.0000 630.0000 630.0000 630.0000 1 1.5733 0.0000 630.0000 630.0000 0 0 67.4124 1 1 31.0144 0 1.0000 0 1.0000 1341 1219221 0 1000000.0000 480.0000 480.0000 480.0000 480.0000 4 0.0000 0.0000 480.0000 480.0000
940.0000 940.0000 940.0000 1 0.0000 0.0000 940.0000 940.0000 2 2 83.1169 1 1 16.8831 0 1.0000 0 1.0000 1391 1219271 0 1000000.0000 840.0000 840.0000 840.0000 840.0000 1 0.0000 0.0000 840.0000 840.0000 2 2 76.3723 1 1 23.6277 0 1.0000 0 1.0000 1392 1219272 0 1000000.0000 767.0000 767.0000 767.0000 767.0000 1 0.0000 0.0000 767.0000 767.0000 2 2 51.2821 0 0 48.7179 0 1.0000 0 1.0000 1393 1219273 0 1000000.0000 640.0000 640.0000 640.0000 640.0000 128 0.0000 0.0000 640.0000
600.0000 600.0000 600.0000 600.0000 64 0.0000 0.0000 600.0000 600.0000 0 0 81.3084 2 2 18.6916 0 1.0000 0 1.0000 1443 1220435 0 1000000.0000 630.0000 630.0000 630.0000 630.0000 32 0.0000 0.0000 630.0000 630.0000 0 0 81.4815 2 2 18.5185 0 1.0000 0 1.0000 1444 1220436 0 1000000.0000 770.0000 770.0000 770.0000 770.0000 16 0.0000 0.0000 770.0000 770.0000 0 0 74.3590 2 2 25.6410 0 1.0000 0 1.0000 1445 1220437 0 1000000.0000 760.0000 760.0000 760.0000 760.0000 1 0.0000 0.0000
1000000.0000 883.0000 883.0000 883.0000 883.0000 32 0.0000 0.0000 883.0000 883.0000 2 2 88.3978 1 1 11.6022 0 1.0000 0 1.0000 1495 1220487 0 1000000.0000 926.0000 926.0000 926.0000 926.0000 16 0.0000 0.0000 926.0000 926.0000 2 2 97.5610 1 1 2.4390 0 1.0000 0 1.0000 1496 1220488 0 1000000.0000 923.0000 923.0000 923.0000 923.0000 128 0.0000 0.0000 923.0000 923.0000 2 2 95.2381 1 1 4.7619 0 1.0000 0 1.0000 1497 1220489 0 1000000.0000 920.0000 920.0000 920.0000 920.0000 64 16.6667
0 1000000.0000 567.0000 567.0000 567.0000 567.0000 16 0.0000 0.0000 567.0000 567.0000 0 0 79.5918 2 2 20.4082 0 1.0000 0 1.0000 1547 1221651 0 1000000.0000 680.0000 680.0000 680.0000 680.0000 16 0.0000 0.0000 680.0000 680.0000 0 0 83.3333 2 2 16.6667 0 1.0000 0 1.0000 1548 1221652 0 1000000.0000 820.0000 820.0000 820.0000 820.0000 16 0.0000 0.0000 820.0000 820.0000 0 0 61.5385 2 2 38.4615 0 1.0000 0 1.0000 1549 1221653 0 1000000.0000 940.0000 940.0000 940.0000 940.0000 16
1222818 0 1000000.0000 600.0000 600.0000 600.0000 600.0000 32 0.0000 0.0000 600.0000 600.0000 0 0 76.4706 2 2 23.5294 0 1.0000 0 1.0000 1599 1222819 0 1000000.0000 630.0000 630.0000 630.0000 630.0000 16 0.0000 0.0000 630.0000 630.0000 0 0 77.8055 1 1 22.1945 0 1.0000 0 1.0000 1600 1222820 0 1000000.0000 710.0000 710.0000 710.0000 710.0000 16 2.7507 0.0000 710.0000 710.0000 0 0 61.0192 1 1 36.2301 0 1.0000 0 1.0000 1601 1222821 0 1000000.0000 720.0000 720.0000 720.0000 720.0000
1650 1222870 0 1000000.0000 780.0000 780.0000 780.0000 780.0000 4 0.0000 0.0000 780.0000 780.0000 1 1 65.7388 2 2 34.2612 0 1.0000 0 1.0000 1651 1222871 0 1000000.0000 760.0000 760.0000 760.0000 760.0000 8 0.0000 0.0000 760.0000 760.0000 1 1 74.7833 2 2 25.2167 0 1.0000 0 1.0000 1652 1222872 0 1000000.0000 860.0000 860.0000 860.0000 860.0000 4 0.0000 0.0000 860.0000 860.0000 1 1 52.5223 2 2 47.4777 0 1.0000 0 1.0000 1653 1222873 0 1000000.0000 817.0000 817.0000 817.0000
1.0000 1702 1224042 0 1000000.0000 890.0000 890.0000 890.0000 890.0000 16 0.0000 0.0000 890.0000 890.0000 0 0 62.9630 2 2 37.0370 0 1.0000 0 1.0000 1703 1224043 0 1000000.0000 1007.0000 1007.0000 1007.0000 1007.0000 32 0.0000 0.0000 1007.0000 1007.0000 2 2 78.6241 1 1 21.3759 0 1.0000 0 1.0000 1704 1224044 0 1000000.0000 980.0000 980.0000 980.0000 980.0000 4 0.0000 0.0000 980.0000 980.0000 2 2 54.4218 1 1 45.5782 0 1.0000 0 1.0000 1705 1224045 0 1000000.0000 1010.0000 1010.0000
0 1.0000 1754 1225209 0 1000000.0000 680.0000 680.0000 680.0000 680.0000 64 0.0000 0.0000 680.0000 680.0000 0 0 79.1209 1 1 20.8791 0 1.0000 0 1.0000 1755 1225210 0 1000000.0000 680.0000 680.0000 680.0000 680.0000 32 0.0000 0.0000 680.0000 680.0000 1 1 66.5635 0 0 33.4365 0 1.0000 0 1.0000 1756 1225211 0 1000000.0000 700.0000 700.0000 700.0000 700.0000 1 0.0000 0.0000 700.0000 700.0000 0 0 60.4353 1 1 39.5647 0 1.0000 0 1.0000 1757 1225212 0 1000000.0000 635.0000
