Dew_Gaulfoss_grid_grid/dew_landscape.txt
ncols         1195
nrows         1550
xllcorner     -75000
yllcorner     6450000
cellsize      1000
NODATA_value  -9999
[rows 0 to 33 of 59, columns 456 to 531 of 1195]
520.0000 0 0 50.6198 1 1 48.5106 0 1.0000 0 1.0000 20 1189365 0 1000000.0000 440.0000 440.0000 440.0000 440.0000 4 0.0000 0.0000 440.0000 440.0000 1 1 72.8814 2 2 27.1186 0 1.0000 0 1.0000 21 1189366 0 1000000.0000 460.0000 460.0000 460.0000 460.0000 8 0.0000 0.0000 460.0000 460.0000 1 1 59.0380 0 0 40.9620 0 1.0000 0 1.0000 22 1189367 0 1000000.0000 500.0000 500.0000 500.0000 500.0000 64 0.0000 0.0000 500.0000 500.0000 1 1 56.3353 0 0 43.6647
542.0000 542.0000 2 2 16.5975 1 1 0.4149 0 1.0000 0 1.0000 72 1192973 0 1000000.0000 542.0000 542.0000 542.0000 542.0000 16 82.3529 0.0000 542.0000 542.0000 2 2 16.8067 0 0 0.8403 0 1.0000 0 1.0000 73 1192974 0 1000000.0000 625.0000 625.0000 625.0000 625.0000 16 6.2402 0.0000 625.0000 625.0000 0 0 67.3486 2 2 26.4112 0 1.0000 0 1.0000 74 1192975 0 1000000.0000 660.0000 660.0000 660.0000 660.0000 1 0.0000 0.0000 660.0000 660.0000 2 2 68.9655 1 1
0.0000 630.0000 630.0000 0 0 66.1017 2 2 33.8983 0 1.0000 0 1.0000 124 1195366 0 1000000.0000 620.0000 620.0000 620.0000 620.0000 1 0.0000 0.0000 620.0000 620.0000 0 0 64.9123 2 2 35.0877 0 1.0000 0 1.0000 125 1195367 0 1000000.0000 548.0000 548.0000 548.0000 548.0000 64 6.1135 0.0000 548.0000 548.0000 1 1 61.6968 0 0 32.1896 0 1.0000 0 1.0000 126 1195368 0 1000000.0000 541.0000 541.0000 541.0000 541.0000 4 39.2579 0.0000 541.0000 541.0000 0 0 30.7643 1
0.0000 0.0000 490.0000 490.0000 0 0 68.4086 1 1 31.5914 0 1.0000 0 1.0000 176 1197737 0 1000000.0000 520.0000 520.0000 520.0000 520.0000 8 0.0000 0.0000 520.0000 520.0000 1 1 71.5302 0 0 28.4698 0 1.0000 0 1.0000 177 1197738 0 1000000.0000 540.0000 540.0000 540.0000 540.0000 16 0.0000 0.0000 540.0000 540.0000 1 1 67.7419 0 0 32.2581 0 1.0000 0 1.0000 178 1197739 0 1000000.0000 700.0000 700.0000 700.0000 700.0000 16 0.0000 0.0000 700.0000 700.0000 1 1 57.0248
1 9.4675 0.0000 620.0000 620.0000 1 1 50.1275 2 2 40.4050 0 1.0000 0 1.0000 228 1198948 0 1000000.0000 580.0000 580.0000 580.0000 580.0000 2 0.0000 0.0000 580.0000 580.0000 1 1 67.3136 2 2 32.6864 0 1.0000 0 1.0000 229 1198949 0 1000000.0000 542.0000 542.0000 542.0000 542.0000 4 0.0000 0.0000 542.0000 542.0000 1 1 65.7415 0 0 34.2585 0 1.0000 0 1.0000 230 1198950 0 1000000.0000 565.0000 565.0000 565.0000 565.0000 8 3.3075 0.0000 565.0000 565.0000 1 1
510.0000 1 0.0000 0.0000 510.0000 510.0000 0 0 75.3327 1 1 24.6673 0 1.0000 0 1.0000 280 1201308 0 1000000.0000 300.0000 300.0000 300.0000 300.0000 128 0.0000 0.0000 300.0000 300.0000 0 0 78.2609 2 2 21.7391 0 1.0000 0 1.0000 281 1201309 0 1000000.0000 300.0000 300.0000 300.0000 300.0000 64 0.0000 0.0000 300.0000 300.0000 0 0 81.9820 2 2 18.0180 0 1.0000 0 1.0000 282 1201310 0 1000000.0000 320.0000 320.0000 320.0000 320.0000 32 10.0313 0.0000 320.0000 320.0000 0
560.0000 560.0000 64 0.0000 0.0000 560.0000 560.0000 0 0 83.3333 2 2 16.6667 0 1.0000 0 1.0000 332 1202509 0 1000000.0000 420.0000 420.0000 420.0000 420.0000 64 0.0000 0.0000 420.0000 420.0000 0 0 81.6514 2 2 18.3486 0 1.0000 0 1.0000 333 1202510 0 1000000.0000 500.0000 500.0000 500.0000 500.0000 64 0.0000 0.0000 500.0000 500.0000 0 0 83.3333 2 2 16.6667 0 1.0000 0 1.0000 334 1202511 0 1000000.0000 540.0000 540.0000 540.0000 540.0000 64 0.0000 0.0000 540.0000 540.0000
440.0000 440.0000 440.0000 16 0.0000 0.0000 440.0000 440.0000 0 0 82.3009 2 2 17.6991 0 1.0000 0 1.0000 384 1203702 0 1000000.0000 590.0000 590.0000 590.0000 590.0000 8 0.0000 0.0000 590.0000 590.0000 0 0 57.7049 1 1 42.2951 0 1.0000 0 1.0000 385 1203703 0 1000000.0000 640.0000 640.0000 640.0000 640.0000 128 0.0000 0.0000 640.0000 640.0000 0 0 82.9060 2 2 17.0940 0 1.0000 0 1.0000 386 1203704 0 1000000.0000 580.0000 580.0000 580.0000 580.0000 64 0.0000 0.0000 580.0000
350.0000 350.0000 350.0000 350.0000 1 0.0000 0.0000 350.0000 350.0000 0 0 70.1493 2 2 29.8507 0 1.0000 0 1.0000 436 1204891 0 1000000.0000 200.0000 200.0000 200.0000 200.0000 1 0.0000 0.0000 200.0000 200.0000 0 0 73.6842 2 2 26.3158 0 1.0000 0 1.0000 437 1204892 0 1000000.0000 280.0000 280.0000 280.0000 280.0000 128 0.0000 0.0000 280.0000 280.0000 0 0 83.3333 2 2 16.6667 0 1.0000 0 1.0000 438 1204893 0 1000000.0000 300.0000 300.0000 300.0000 300.0000 64 0.0000 0.0000
1000000.0000 900.0000 900.0000 900.0000 900.0000 16 0.0000 0.0000 900.0000 900.0000 2 2 100.0000 1 1 0.0000 0 1.0000 0 1.0000 488 1204943 0 1000000.0000 920.0000 920.0000 920.0000 920.0000 16 42.1053 0.0000 920.0000 920.0000 2 2 56.1404 1 1 1.7544 0 1.0000 0 1.0000 489 1204944 0 1000000.0000 948.0000 948.0000 948.0000 948.0000 16 73.7268 0.0000 948.0000 948.0000 2 2 25.8690 1 1 0.4042 0 1.0000 0 1.0000 490 1204945 0 1000000.0000 1017.0000 1017.0000 1017.0000 1017.0000 2 25.3968
0 1000000.0000 560.0000 560.0000 560.0000 560.0000 8 0.0000 0.0000 560.0000 560.0000 0 0 78.2609 1 1 21.7391 0 1.0000 0 1.0000 540 1206127 0 1000000.0000 640.0000 640.0000 640.0000 640.0000 4 0.0000 0.0000 640.0000 640.0000 0 0 79.1667 2 2 20.8333 0 1.0000 0 1.0000 541 1206128 0 1000000.0000 660.0000 660.0000 660.0000 660.0000 8 0.0000 0.0000 660.0000 660.0000 1 1 51.7184 0 0 48.2816 0 1.0000 0 1.0000 542 1206129 0 1000000.0000 646.0000 646.0000 646.0000 646.0000 8
1207302 0 1000000.0000 580.0000 580.0000 580.0000 580.0000 16 0.0000 0.0000 580.0000 580.0000 0 0 83.0508 2 2 16.9492 0 1.0000 0 1.0000 592 1207303 0 1000000.0000 660.0000 660.0000 660.0000 660.0000 8 0.0000 0.0000 660.0000 660.0000 0 0 68.8286 1 1 31.1714 0 1.0000 0 1.0000 593 1207304 0 1000000.0000 640.0000 640.0000 640.0000 640.0000 1 0.0000 0.0000 640.0000 640.0000 0 0 58.2818 1 1 41.7182 0 1.0000 0 1.0000 594 1207305 0 1000000.0000 510.0000 510.0000 510.0000 510.0000
643 1208476 0 1000000.0000 310.0000 310.0000 310.0000 310.0000 64 0.0000 0.0000 310.0000 310.0000 2 2 90.9091 0 0 9.0909 0 1.0000 0 1.0000 644 1208477 0 1000000.0000 455.0000 455.0000 455.0000 455.0000 16 0.0000 0.0000 455.0000 455.0000 0 0 68.7500 2 2 31.2500 0 1.0000 0 1.0000 645 1208478 0 1000000.0000 560.0000 560.0000 560.0000 560.0000 8 0.0000 0.0000 560.0000 560.0000 0 0 67.2727 1 1 32.7273 0 1.0000 0 1.0000 646 1208479 0 1000000.0000 620.0000 620.0000 620.0000
1.0000 695 1208528 0 1000000.0000 750.0000 750.0000 750.0000 750.0000 4 0.0000 0.0000 750.0000 750.0000 1 1 54.2203 2 2 45.7797 0 1.0000 0 1.0000 696 1208529 0 1000000.0000 800.0000 800.0000 800.0000 800.0000 4 0.0000 0.0000 800.0000 800.0000 2 2 74.4186 1 1 25.5814 0 1.0000 0 1.0000 697 1208530 0 1000000.0000 800.0000 800.0000 800.0000 800.0000 4 0.0000 0.0000 800.0000 800.0000 2 2 59.1497 1 1 40.8503 0 1.0000 0 1.0000 698 1208531 0 1000000.0000 768.0000 768.0000
0 1.0000 747 1209698 0 1000000.0000 185.0000 185.0000 185.0000 185.0000 16 0.0000 0.0000 185.0000 185.0000 0 0 59.1837 2 2 40.8163 0 1.0000 0 1.0000 748 1209699 0 1000000.0000 230.0000 230.0000 230.0000 230.0000 16 0.0000 0.0000 230.0000 230.0000 0 0 66.6667 2 2 33.3333 0 1.0000 0 1.0000 749 1209700 0 1000000.0000 250.0000 250.0000 250.0000 250.0000 16 0.0000 0.0000 250.0000 250.0000 0 0 81.8182 2 2 18.1818 0 1.0000 0 1.0000 750 1209701 0 1000000.0000 260.0000
1.0000 0 1.0000 799 1210867 0 1000000.0000 320.0000 320.0000 320.0000 320.0000 32 0.0000 0.0000 320.0000 320.0000 0 0 73.3333 2 2 26.6667 0 1.0000 0 1.0000 800 1210868 0 1000000.0000 480.0000 480.0000 480.0000 480.0000 16 0.0000 0.0000 480.0000 480.0000 0 0 66.1017 2 2 33.8983 0 1.0000 0 1.0000 801 1210869 0 1000000.0000 600.0000 600.0000 600.0000 600.0000 16 0.0000 0.0000 600.0000 600.0000 0 0 79.3061 1 1 20.6939 0 1.0000 0 1.0000 802 1210870 0 1000000.0000
0 1.0000 0 1.0000 851 1210919 0 1000000.0000 480.0000 480.0000 480.0000 480.0000 16 0.0000 0.0000 480.0000 480.0000 0 0 60.0000 2 2 40.0000 0 1.0000 0 1.0000 852 1210920 0 1000000.0000 540.0000 540.0000 540.0000 540.0000 4 0.0000 0.0000 540.0000 540.0000 0 0 77.5281 2 2 22.4719 0 1.0000 0 1.0000 853 1210921 0 1000000.0000 630.0000 630.0000 630.0000 630.0000 4 0.0000 0.0000 630.0000 630.0000 0 0 72.9730 2 2 27.0270 0 1.0000 0 1.0000 854 1210922 0
21.7391 0 1.0000 0 1.0000 903 1212086 0 1000000.0000 360.0000 360.0000 360.0000 360.0000 16 0.0000 0.0000 360.0000 360.0000 0 0 83.3333 2 2 16.6667 0 1.0000 0 1.0000 904 1212087 0 1000000.0000 480.0000 480.0000 480.0000 480.0000 16 0.0000 0.0000 480.0000 480.0000 0 0 83.3333 2 2 16.6667 0 1.0000 0 1.0000 905 1212088 0 1000000.0000 500.0000 500.0000 500.0000 500.0000 64 0.0000 0.0000 500.0000 500.0000 0 0 81.9820 2 2 18.0180 0 1.0000 0 1.0000 906 1212089
2 22.4719 0 1.0000 0 1.0000 955 1213254 0 1000000.0000 540.0000 540.0000 540.0000 540.0000 16 0.0000 0.0000 540.0000 540.0000 0 0 82.7586 2 2 17.2414 0 1.0000 0 1.0000 956 1213255 0 1000000.0000 540.0000 540.0000 540.0000 540.0000 1 0.0000 0.0000 540.0000 540.0000 0 0 63.6245 1 1 36.3755 0 1.0000 0 1.0000 957 1213256 0 1000000.0000 500.0000 500.0000 500.0000 500.0000 1 0.0000 0.0000 500.0000 500.0000 0 0 83.1933 2 2 16.8067 0 1.0000 0 1.0000 958
2 2 18.8679 0 1.0000 0 1.0000 1007 1213306 0 1000000.0000 520.0000 520.0000 520.0000 520.0000 64 0.0000 0.0000 520.0000 520.0000 0 0 81.3084 2 2 18.6916 0 1.0000 0 1.0000 1008 1213307 0 1000000.0000 540.0000 540.0000 540.0000 540.0000 64 0.0000 0.0000 540.0000 540.0000 0 0 81.4815 2 2 18.5185 0 1.0000 0 1.0000 1009 1213308 0 1000000.0000 540.0000 540.0000 540.0000 540.0000 32 0.0000 0.0000 540.0000 540.0000 0 0 82.1429 2 2 17.8571 0 1.0000 0 1.0000
81.9820 2 2 18.0180 0 1.0000 0 1.0000 1059 1214474 0 1000000.0000 480.0000 480.0000 480.0000 480.0000 64 0.0000 0.0000 480.0000 480.0000 0 0 82.6087 2 2 17.3913 0 1.0000 0 1.0000 1060 1214475 0 1000000.0000 250.0000 250.0000 250.0000 250.0000 64 0.0000 0.0000 250.0000 250.0000 0 0 82.9060 2 2 17.0940 0 1.0000 0 1.0000 1061 1214476 0 1000000.0000 500.0000 500.0000 500.0000 500.0000 16 0.0000 0.0000 500.0000 500.0000 0 0 81.9820 2 2 18.0180 0 1.0000 0
0 82.1429 2 2 17.8571 0 1.0000 0 1.0000 1111 1215642 0 1000000.0000 500.0000 500.0000 500.0000 500.0000 16 0.0000 0.0000 500.0000 500.0000 0 0 82.4561 2 2 17.5439 0 1.0000 0 1.0000 1112 1215643 0 1000000.0000 573.0000 573.0000 573.0000 573.0000 32 0.0000 0.0000 573.0000 573.0000 0 0 83.3333 2 2 16.6667 0 1.0000 0 1.0000 1113 1215644 0 1000000.0000 645.0000 645.0000 645.0000 645.0000 32 0.0000 0.0000 645.0000 645.0000 0 0 79.5194 1 1 20.4806 0 1.0000
0 0 81.9820 2 2 18.0180 0 1.0000 0 1.0000 1163 1215694 0 1000000.0000 360.0000 360.0000 360.0000 360.0000 32 0.0000 0.0000 360.0000 360.0000 0 0 79.5918 2 2 20.4082 0 1.0000 0 1.0000 1164 1215695 0 1000000.0000 291.0000 291.0000 291.0000 291.0000 16 0.0000 0.0000 291.0000 291.0000 2 2 62.5000 0 0 37.5000 0 1.0000 0 1.0000 1165 1215696 0 1000000.0000 440.0000 440.0000 440.0000 440.0000 16 0.0000 0.0000 440.0000 440.0000 0 0 70.5882 2 2 29.4118 0
820.0000 2 2 100.0000 1 1 0.0000 0 1.0000 0 1.0000 1215 1216861 0 1000000.0000 807.0000 807.0000 807.0000 807.0000 128 0.0000 0.0000 807.0000 807.0000 2 2 88.6427 1 1 11.3573 0 1.0000 0 1.0000 1216 1216862 0 1000000.0000 790.0000 790.0000 790.0000 790.0000 128 0.0000 0.0000 790.0000 790.0000 2 2 95.5224 1 1 4.4776 0 1.0000 0 1.0000 1217 1216863 0 1000000.0000 676.0000 676.0000 676.0000 676.0000 64 0.0000 0.0000 676.0000 676.0000 2 2 56.8384 1 1 43.1616
483.0000 483.0000 0 0 77.2727 2 2 22.7273 0 1.0000 0 1.0000 1267 1218031 0 1000000.0000 540.0000 540.0000 540.0000 540.0000 32 0.0000 0.0000 540.0000 540.0000 0 0 82.3009 2 2 17.6991 0 1.0000 0 1.0000 1268 1218032 0 1000000.0000 580.0000 580.0000 580.0000 580.0000 32 0.0000 0.0000 580.0000 580.0000 0 0 82.3009 2 2 17.6991 0 1.0000 0 1.0000 1269 1218033 0 1000000.0000 660.0000 660.0000 660.0000 660.0000 32 0.0000 0.0000 660.0000 660.0000 0 0 73.7283 1 1
0.0000 640.0000 640.0000 0 0 73.3333 2 2 26.6667 0 1.0000 0 1.0000 1319 1218083 0 1000000.0000 600.0000 600.0000 600.0000 600.0000 64 0.0000 0.0000 600.0000 600.0000 0 0 79.5918 2 2 20.4082 0 1.0000 0 1.0000 1320 1218084 0 1000000.0000 500.0000 500.0000 500.0000 500.0000 1 0.0000 0.0000 500.0000 500.0000 0 0 77.3869 1 1 22.6131 0 1.0000 0 1.0000 1321 1218085 0 1000000.0000 390.0000 390.0000 390.0000 390.0000 64 0.0000 0.0000 390.0000 390.0000 0 0 81.3084 2
0.0000 0.0000 820.0000 820.0000 2 2 88.1543 1 1 11.8457 0 1.0000 0 1.0000 1371 1219251 0 1000000.0000 950.0000 950.0000 950.0000 950.0000 16 0.0000 0.0000 950.0000 950.0000 2 2 100.0000 1 1 0.0000 0 1.0000 0 1.0000 1372 1219252 0 1000000.0000 912.0000 912.0000 912.0000 912.0000 1 0.0000 0.0000 912.0000 912.0000 2 2 99.3789 1 1 0.6211 0 1.0000 0 1.0000 1373 1219253 0 1000000.0000 740.0000 740.0000 740.0000 740.0000 1 0.0000 0.0000 740.0000 740.0000 2 2 68.6695
16 0.0000 0.0000 1180.0000 1180.0000 2 2 99.6885 1 1 0.3115 0 1.0000 0 1.0000 1423 1220415 0 1000000.0000 620.0000 620.0000 620.0000 620.0000 1 0.0000 0.0000 620.0000 620.0000 0 0 81.8182 2 2 18.1818 0 1.0000 0 1.0000 1424 1220416 0 1000000.0000 440.0000 440.0000 440.0000 440.0000 4 17.5222 0.0000 440.0000 440.0000 0 0 59.2446 2 2 23.2332 0 1.0000 0 1.0000 1425 1220417 0 1000000.0000 520.0000 520.0000 520.0000 520.0000 16 0.0000 0.0000 520.0000 520.0000 0 0
910.0000 4 0.0000 0.0000 910.0000 910.0000 2 2 77.4818 1 1 22.5182 0 1.0000 0 1.0000 1475 1220467 0 1000000.0000 849.0000 849.0000 849.0000 849.0000 1 0.0000 0.0000 849.0000 849.0000 2 2 93.5673 1 1 6.4327 0 1.0000 0 1.0000 1476 1220468 0 1000000.0000 690.0000 690.0000 690.0000 690.0000 64 0.0000 0.0000 690.0000 690.0000 1 1 55.7196 0 0 44.2804 0 1.0000 0 1.0000 1477 1220469 0 1000000.0000 630.0000 630.0000 630.0000 630.0000 64 0.0000 0.0000 630.0000 630.0000 0
720.0000 720.0000 16 0.0000 0.0000 720.0000 720.0000 0 0 79.7980 2 2 20.2020 0 1.0000 0 1.0000 1527 1221631 0 1000000.0000 800.0000 800.0000 800.0000 800.0000 1 0.0000 0.0000 800.0000 800.0000 2 2 76.9231 0 0 23.0769 0 1.0000 0 1.0000 1528 1221632 0 1000000.0000 660.0000 660.0000 660.0000 660.0000 1 0.0000 0.0000 660.0000 660.0000 0 0 81.3084 2 2 18.6916 0 1.0000 0 1.0000 1529 1221633 0 1000000.0000 533.0000 533.0000 533.0000 533.0000 1 0.0000 0.0000 533.0000 533.0000
880.0000 880.0000 880.0000 4 0.0000 0.0000 880.0000 880.0000 2 2 92.2190 1 1 7.7810 0 1.0000 0 1.0000 1579 1221683 0 1000000.0000 895.0000 895.0000 895.0000 895.0000 2 0.0000 0.0000 895.0000 895.0000 2 2 87.1935 1 1 12.8065 0 1.0000 0 1.0000 1580 1221684 0 1000000.0000 880.0000 880.0000 880.0000 880.0000 4 0.0000 0.0000 880.0000 880.0000 2 2 95.5224 1 1 4.4776 0 1.0000 0 1.0000 1581 1221685 0 1000000.0000 860.0000 860.0000 860.0000 860.0000 8 50.7361 0.0000 860.0000
950.0000 950.0000 950.0000 950.0000 64 8.8725 0.0000 950.0000 950.0000 2 2 59.1497 1 1 31.9778 0 1.0000 0 1.0000 1631 1222851 0 1000000.0000 970.0000 970.0000 970.0000 970.0000 64 4.1026 0.0000 970.0000 970.0000 2 2 82.0513 1 1 13.8462 0 1.0000 0 1.0000 1632 1222852 0 1000000.0000 940.0000 940.0000 940.0000 940.0000 2 0.0000 0.0000 940.0000 940.0000 2 2 76.9231 1 1 23.0769 0 1.0000 0 1.0000 1633 1222853 0 1000000.0000 917.0000 917.0000 917.0000 917.0000 4 0.0000 0.0000
1000000.0000 640.0000 640.0000 640.0000 640.0000 1 0.0000 0.0000 640.0000 640.0000 0 0 82.9060 2 2 17.0940 0 1.0000 0 1.0000 1683 1224023 0 1000000.0000 584.0000 584.0000 584.0000 584.0000 64 0.0000 0.0000 584.0000 584.0000 0 0 59.4975 1 1 40.5025 0 1.0000 0 1.0000 1684 1224024 0 1000000.0000 600.0000 600.0000 600.0000 600.0000 64 0.0000 0.0000 600.0000 600.0000 1 1 55.5239 0 0 44.4761 0 1.0000 0 1.0000 1685 1224025 0 1000000.0000 600.0000 600.0000 600.0000 600.0000 128 0.0000
0 1000000.0000 805.0000 805.0000 805.0000 805.0000 8 0.0000 0.0000 805.0000 805.0000 1 1 52.2388 2 2 47.7612 0 1.0000 0 1.0000 1735 1224075 0 1000000.0000 875.0000 875.0000 875.0000 875.0000 16 0.0000 0.0000 875.0000 875.0000 2 2 92.7536 1 1 7.2464 0 1.0000 0 1.0000 1736 1224076 0 1000000.0000 960.0000 960.0000 960.0000 960.0000 16 0.0000 0.0000 960.0000 960.0000 2 2 87.9121 1 1 12.0879 0 1.0000 0 1.0000 1737 1224077 0 1000000.0000 1028.0000 1028.0000 1028.0000 1028.0000 32
