Dew_Gaulfoss_grid_grid/dew_landscape.txt
ncols         1195
nrows         1550
xllcorner     -75000
yllcorner     6450000
cellsize      1000
NODATA_value  -9999
[rows 0 to 33 of 59, columns 988 to 1063 of 1195]
83.3333 2 2 16.6667 0 1.0000 0 1.0000 43 1191749 0 1000000.0000 340.0000 340.0000 340.0000 340.0000 1 1.6285 0.0000 340.0000 340.0000 0 0 81.6984 2 2 16.6731 0 1.0000 0 1.0000 44 1191750 0 1000000.0000 60.0000 60.0000 60.0000 60.0000 64 0.0000 0.0000 60.0000 60.0000 0 0 70.1493 2 2 29.8507 0 1.0000 0 1.0000 45 1191751 0 1000000.0000 137.0000 137.0000 137.0000 137.0000 16 0.0000 0.0000 137.0000 137.0000 0 0 78.9474 2 2 21.0526 0 1.0000 0
1 47.7960 2 2 32.3355 0 1.0000 0 1.0000 95 1194170 0 1000000.0000 630.0000 630.0000 630.0000 630.0000 16 8.5745 0.0000 630.0000 630.0000 0 0 49.8685 2 2 41.5570 0 1.0000 0 1.0000 96 1194171 0 1000000.0000 600.0000 600.0000 600.0000 600.0000 1 0.0000 0.0000 600.0000 600.0000 0 0 74.0088 1 1 25.9912 0 1.0000 0 1.0000 97 1194172 0 1000000.0000 544.0000 544.0000 544.0000 544.0000 2 27.4882 0.0000 544.0000 544.0000 1 1 52.5086 2 2 20.0033 0 1.0000
1 1 53.5645 2 2 33.3476 0 1.0000 0 1.0000 147 1196548 0 1000000.0000 568.0000 568.0000 568.0000 568.0000 64 69.4259 0.0000 568.0000 568.0000 2 2 21.3618 1 1 9.2123 0 1.0000 0 1.0000 148 1196549 0 1000000.0000 600.0000 600.0000 600.0000 600.0000 16 29.8246 0.0000 600.0000 600.0000 1 1 35.0877 2 2 35.0877 0 1.0000 0 1.0000 149 1196550 0 1000000.0000 790.0000 790.0000 790.0000 790.0000 16 0.0000 0.0000 790.0000 790.0000 2 2 79.8005 1 1 20.1995 0
540.0000 0 0 82.3009 2 2 17.6991 0 1.0000 0 1.0000 199 1198917 0 1000000.0000 520.0000 520.0000 520.0000 520.0000 1 0.0000 0.0000 520.0000 520.0000 0 0 82.1429 2 2 17.8571 0 1.0000 0 1.0000 200 1198918 0 1000000.0000 340.0000 340.0000 340.0000 340.0000 1 0.0000 0.0000 340.0000 340.0000 0 0 83.0508 2 2 16.9492 0 1.0000 0 1.0000 201 1198919 0 1000000.0000 135.0000 135.0000 135.0000 135.0000 128 0.0000 0.0000 135.0000 135.0000 0 0 77.2727 2 2 22.7273
103.0000 103.0000 0 0 75.3086 2 2 24.6914 0 1.0000 0 1.0000 251 1200125 0 1000000.0000 260.0000 260.0000 260.0000 260.0000 16 0.0000 0.0000 260.0000 260.0000 0 0 83.3333 2 2 16.6667 0 1.0000 0 1.0000 252 1200126 0 1000000.0000 380.0000 380.0000 380.0000 380.0000 8 0.0000 0.0000 380.0000 380.0000 0 0 63.5417 1 1 36.4583 0 1.0000 0 1.0000 253 1200127 0 1000000.0000 470.0000 470.0000 470.0000 470.0000 16 0.0000 0.0000 470.0000 470.0000 0 0 81.6514 2 2
0.0000 565.0000 565.0000 1 1 80.0374 2 2 19.9626 0 1.0000 0 1.0000 303 1201331 0 1000000.0000 580.0000 580.0000 580.0000 580.0000 8 11.6172 0.0000 580.0000 580.0000 1 1 67.2607 2 2 21.1221 0 1.0000 0 1.0000 304 1201332 0 1000000.0000 590.0000 590.0000 590.0000 590.0000 4 0.0000 0.0000 590.0000 590.0000 1 1 73.5756 2 2 26.4244 0 1.0000 0 1.0000 305 1201333 0 1000000.0000 708.0000 708.0000 708.0000 708.0000 8 0.0000 0.0000 708.0000 708.0000 1 1 55.4318 2
0.0000 0.0000 770.0000 770.0000 2 2 89.8876 1 1 10.1124 0 1.0000 0 1.0000 355 1202532 0 1000000.0000 620.0000 620.0000 620.0000 620.0000 1 0.0000 0.0000 620.0000 620.0000 0 0 64.2857 2 2 35.7143 0 1.0000 0 1.0000 356 1202533 0 1000000.0000 512.0000 512.0000 512.0000 512.0000 1 0.0000 0.0000 512.0000 512.0000 0 0 78.9474 2 2 21.0526 0 1.0000 0 1.0000 357 1202534 0 1000000.0000 450.0000 450.0000 450.0000 450.0000 4 0.0000 0.0000 450.0000 450.0000 0 0 56.4103
8 0.0000 0.0000 590.0000 590.0000 0 0 76.4706 2 2 23.5294 0 1.0000 0 1.0000 407 1203725 0 1000000.0000 680.0000 680.0000 680.0000 680.0000 8 9.5427 0.0000 680.0000 680.0000 2 2 65.9370 1 1 24.5203 0 1.0000 0 1.0000 408 1203726 0 1000000.0000 680.0000 680.0000 680.0000 680.0000 1 3.0829 0.0000 680.0000 680.0000 2 2 61.6570 1 1 35.2601 0 1.0000 0 1.0000 409 1203727 0 1000000.0000 560.0000 560.0000 560.0000 560.0000 2 0.0000 0.0000 560.0000 560.0000 0 0
500.0000 128 0.0000 0.0000 500.0000 500.0000 0 0 60.7450 1 1 39.2550 0 1.0000 0 1.0000 459 1204914 0 1000000.0000 490.0000 490.0000 490.0000 490.0000 1 0.0000 0.0000 490.0000 490.0000 0 0 64.1555 1 1 35.8445 0 1.0000 0 1.0000 460 1204915 0 1000000.0000 466.0000 466.0000 466.0000 466.0000 2 0.0000 0.0000 466.0000 466.0000 1 1 59.3507 0 0 40.6493 0 1.0000 0 1.0000 461 1204916 0 1000000.0000 427.0000 427.0000 427.0000 427.0000 4 0.0000 0.0000 427.0000 427.0000 0
620.0000 620.0000 128 0.0000 0.0000 620.0000 620.0000 1 1 78.5810 2 2 21.4190 0 1.0000 0 1.0000 511 1206098 0 1000000.0000 590.0000 590.0000 590.0000 590.0000 1 0.0000 0.0000 590.0000 590.0000 0 0 69.1839 1 1 30.8161 0 1.0000 0 1.0000 512 1206099 0 1000000.0000 540.0000 540.0000 540.0000 540.0000 1 0.0000 0.0000 540.0000 540.0000 0 0 81.1321 2 2 18.8679 0 1.0000 0 1.0000 513 1206100 0 1000000.0000 260.0000 260.0000 260.0000 260.0000 128 0.0000 0.0000 260.0000 260.0000
700.0000 700.0000 700.0000 2 0.0000 0.0000 700.0000 700.0000 2 2 56.7376 1 1 43.2624 0 1.0000 0 1.0000 563 1207274 0 1000000.0000 700.0000 700.0000 700.0000 700.0000 4 0.0000 0.0000 700.0000 700.0000 0 0 64.2857 2 2 35.7143 0 1.0000 0 1.0000 564 1207275 0 1000000.0000 639.0000 639.0000 639.0000 639.0000 1 0.0000 0.0000 639.0000 639.0000 0 0 78.4667 1 1 21.5333 0 1.0000 0 1.0000 565 1207276 0 1000000.0000 580.0000 580.0000 580.0000 580.0000 1 0.0000 0.0000 580.0000
680.0000 680.0000 680.0000 680.0000 2 0.0000 0.0000 680.0000 680.0000 1 1 76.8284 2 2 23.1716 0 1.0000 0 1.0000 615 1207326 0 1000000.0000 607.0000 607.0000 607.0000 607.0000 4 0.0000 0.0000 607.0000 607.0000 1 1 54.2110 0 0 45.7890 0 1.0000 0 1.0000 616 1207327 0 1000000.0000 590.0000 590.0000 590.0000 590.0000 8 0.0000 0.0000 590.0000 590.0000 1 1 70.6806 0 0 29.3194 0 1.0000 0 1.0000 617 1207328 0 1000000.0000 640.0000 640.0000 640.0000 640.0000 16 0.0000 0.0000
1000000.0000 610.0000 610.0000 610.0000 610.0000 8 0.0000 0.0000 610.0000 610.0000 0 0 80.5825 2 2 19.4175 0 1.0000 0 1.0000 667 1208500 0 1000000.0000 506.0000 506.0000 506.0000 506.0000 1 0.0000 0.0000 506.0000 506.0000 0 0 80.1980 2 2 19.8020 0 1.0000 0 1.0000 668 1208501 0 1000000.0000 320.0000 320.0000 320.0000 320.0000 4 0.0000 0.0000 320.0000 320.0000 0 0 78.4946 2 2 21.5054 0 1.0000 0 1.0000 669 1208502 0 1000000.0000 200.0000 200.0000 200.0000 200.0000 8 0.0000
0 1000000.0000 470.0000 470.0000 470.0000 470.0000 1 0.0000 0.0000 470.0000 470.0000 0 0 71.4286 2 2 28.5714 0 1.0000 0 1.0000 719 1209670 0 1000000.0000 340.0000 340.0000 340.0000 340.0000 1 0.0000 0.0000 340.0000 340.0000 0 0 69.2308 2 2 30.7692 0 1.0000 0 1.0000 720 1209671 0 1000000.0000 260.0000 260.0000 260.0000 260.0000 64 0.0000 0.0000 260.0000 260.0000 0 0 68.7500 2 2 31.2500 0 1.0000 0 1.0000 721 1209672 0 1000000.0000 400.0000 400.0000 400.0000 400.0000 16
1209721 0 1000000.0000 680.0000 680.0000 680.0000 680.0000 4 0.0000 0.0000 680.0000 680.0000 0 0 62.9630 2 2 37.0370 0 1.0000 0 1.0000 771 1209722 0 1000000.0000 604.0000 604.0000 604.0000 604.0000 4 0.0000 0.0000 604.0000 604.0000 0 0 79.3814 2 2 20.6186 0 1.0000 0 1.0000 772 1209723 0 1000000.0000 640.0000 640.0000 640.0000 640.0000 4 0.0000 0.0000 640.0000 640.0000 0 0 50.4884 1 1 49.5116 0 1.0000 0 1.0000 773 1209724 0 1000000.0000 660.0000 660.0000 660.0000 660.0000
822 1210890 0 1000000.0000 170.0000 170.0000 170.0000 170.0000 16 0.0000 0.0000 170.0000 170.0000 2 2 54.0541 0 0 45.9459 0 1.0000 0 1.0000 823 1210891 0 1000000.0000 387.0000 387.0000 387.0000 387.0000 16 0.0000 0.0000 387.0000 387.0000 0 0 82.7586 2 2 17.2414 0 1.0000 0 1.0000 824 1210892 0 1000000.0000 460.0000 460.0000 460.0000 460.0000 64 0.0000 0.0000 460.0000 460.0000 0 0 83.3333 2 2 16.6667 0 1.0000 0 1.0000 825 1210893 0 1000000.0000 340.0000 340.0000 340.0000
1.0000 874 1212057 0 1000000.0000 463.0000 463.0000 463.0000 463.0000 4 0.0000 0.0000 463.0000 463.0000 0 0 74.3590 2 2 25.6410 0 1.0000 0 1.0000 875 1212058 0 1000000.0000 400.0000 400.0000 400.0000 400.0000 128 0.0000 0.0000 400.0000 400.0000 0 0 75.3086 2 2 24.6914 0 1.0000 0 1.0000 876 1212059 0 1000000.0000 510.0000 510.0000 510.0000 510.0000 64 0.0000 0.0000 510.0000 510.0000 0 0 80.9524 2 2 19.0476 0 1.0000 0 1.0000 877 1212060 0 1000000.0000 520.0000 520.0000
0 1.0000 926 1212109 0 1000000.0000 488.0000 488.0000 488.0000 488.0000 16 0.0000 0.0000 488.0000 488.0000 0 0 83.3333 2 2 16.6667 0 1.0000 0 1.0000 927 1212110 0 1000000.0000 407.0000 407.0000 407.0000 407.0000 16 0.0000 0.0000 407.0000 407.0000 0 0 83.0508 2 2 16.9492 0 1.0000 0 1.0000 928 1212111 0 1000000.0000 413.0000 413.0000 413.0000 413.0000 16 0.0000 0.0000 413.0000 413.0000 0 0 69.6270 1 1 30.3730 0 1.0000 0 1.0000 929 1212112 0 1000000.0000 433.0000
1.0000 0 1.0000 978 1213277 0 1000000.0000 652.0000 652.0000 652.0000 652.0000 1 0.0000 0.0000 652.0000 652.0000 0 0 79.5918 2 2 20.4082 0 1.0000 0 1.0000 979 1213278 0 1000000.0000 500.0000 500.0000 500.0000 500.0000 128 0.0000 0.0000 500.0000 500.0000 0 0 83.3333 2 2 16.6667 0 1.0000 0 1.0000 980 1213279 0 1000000.0000 330.0000 330.0000 330.0000 330.0000 64 0.0000 0.0000 330.0000 330.0000 0 0 80.3922 2 2 19.6078 0 1.0000 0 1.0000 981 1213280 0 1000000.0000
0 1.0000 0 1.0000 1030 1214445 0 1000000.0000 460.0000 460.0000 460.0000 460.0000 1 0.0000 0.0000 460.0000 460.0000 0 0 83.3333 2 2 16.6667 0 1.0000 0 1.0000 1031 1214446 0 1000000.0000 395.0000 395.0000 395.0000 395.0000 128 0.0000 0.0000 395.0000 395.0000 0 0 80.0000 2 2 20.0000 0 1.0000 0 1.0000 1032 1214447 0 1000000.0000 413.0000 413.0000 413.0000 413.0000 64 0.0000 0.0000 413.0000 413.0000 0 0 81.4815 2 2 18.5185 0 1.0000 0 1.0000 1033 1214448 0
16.6667 0 1.0000 0 1.0000 1082 1214497 0 1000000.0000 347.0000 347.0000 347.0000 347.0000 64 0.0000 0.0000 347.0000 347.0000 0 0 81.4815 2 2 18.5185 0 1.0000 0 1.0000 1083 1214498 0 1000000.0000 260.0000 260.0000 260.0000 260.0000 32 0.0000 0.0000 260.0000 260.0000 0 0 65.5172 2 2 34.4828 0 1.0000 0 1.0000 1084 1214499 0 1000000.0000 300.0000 300.0000 300.0000 300.0000 16 0.0000 0.0000 300.0000 300.0000 0 0 66.6667 2 2 33.3333 0 1.0000 0 1.0000 1085 1214500
2 35.0877 0 1.0000 0 1.0000 1134 1215665 0 1000000.0000 800.0000 800.0000 800.0000 800.0000 16 0.0000 0.0000 800.0000 800.0000 2 2 100.0000 1 1 0.0000 0 1.0000 0 1.0000 1135 1215666 0 1000000.0000 690.0000 690.0000 690.0000 690.0000 128 0.0000 0.0000 690.0000 690.0000 2 2 87.1935 1 1 12.8065 0 1.0000 0 1.0000 1136 1215667 0 1000000.0000 656.0000 656.0000 656.0000 656.0000 128 0.0000 0.0000 656.0000 656.0000 1 1 64.2458 2 2 35.7542 0 1.0000 0 1.0000 1137
2 2 21.7391 0 1.0000 0 1.0000 1186 1216832 0 1000000.0000 510.0000 510.0000 510.0000 510.0000 4 0.0000 0.0000 510.0000 510.0000 0 0 80.7692 2 2 19.2308 0 1.0000 0 1.0000 1187 1216833 0 1000000.0000 520.0000 520.0000 520.0000 520.0000 4 0.0000 0.0000 520.0000 520.0000 0 0 76.7442 2 2 23.2558 0 1.0000 0 1.0000 1188 1216834 0 1000000.0000 480.0000 480.0000 480.0000 480.0000 1 0.0000 0.0000 480.0000 480.0000 0 0 81.9820 2 2 18.0180 0 1.0000 0 1.0000
55.7264 0 0 44.2736 0 1.0000 0 1.0000 1238 1216884 0 1000000.0000 580.0000 580.0000 580.0000 580.0000 128 0.0000 0.0000 580.0000 580.0000 0 0 83.0508 2 2 16.9492 0 1.0000 0 1.0000 1239 1216885 0 1000000.0000 560.0000 560.0000 560.0000 560.0000 64 0.0000 0.0000 560.0000 560.0000 0 0 83.3333 2 2 16.6667 0 1.0000 0 1.0000 1240 1216886 0 1000000.0000 720.0000 720.0000 720.0000 720.0000 128 0.0000 0.0000 720.0000 720.0000 0 0 54.5455 2 2 45.4545 0 1.0000 0
0 51.6129 1 1 48.3871 0 1.0000 0 1.0000 1290 1218054 0 1000000.0000 693.0000 693.0000 693.0000 693.0000 8 0.0000 0.0000 693.0000 693.0000 1 1 55.7674 0 0 44.2326 0 1.0000 0 1.0000 1291 1218055 0 1000000.0000 760.0000 760.0000 760.0000 760.0000 16 0.0000 0.0000 760.0000 760.0000 2 2 60.6061 1 1 39.3939 0 1.0000 0 1.0000 1292 1218056 0 1000000.0000 900.0000 900.0000 900.0000 900.0000 16 0.0000 0.0000 900.0000 900.0000 2 2 96.6767 1 1 3.3233 0 1.0000
0 0 78.0220 2 2 21.9780 0 1.0000 0 1.0000 1342 1219222 0 1000000.0000 483.0000 483.0000 483.0000 483.0000 64 0.0000 0.0000 483.0000 483.0000 0 0 80.5825 2 2 19.4175 0 1.0000 0 1.0000 1343 1219223 0 1000000.0000 504.0000 504.0000 504.0000 504.0000 64 0.0000 0.0000 504.0000 504.0000 0 0 83.3333 2 2 16.6667 0 1.0000 0 1.0000 1344 1219224 0 1000000.0000 460.0000 460.0000 460.0000 460.0000 64 0.0000 0.0000 460.0000 460.0000 0 0 79.1667 2 2 20.8333 0
640.0000 0 0 72.7766 1 1 27.2234 0 1.0000 0 1.0000 1394 1219274 0 1000000.0000 600.0000 600.0000 600.0000 600.0000 64 0.0000 0.0000 600.0000 600.0000 0 0 80.1980 2 2 19.8020 0 1.0000 0 1.0000 1395 1219275 0 1000000.0000 740.0000 740.0000 740.0000 740.0000 16 0.0000 0.0000 740.0000 740.0000 2 2 91.4286 1 1 8.5714 0 1.0000 0 1.0000 1396 1219276 0 1000000.0000 810.0000 810.0000 810.0000 810.0000 1 0.0000 0.0000 810.0000 810.0000 2 2 84.6561 1 1 15.3439
760.0000 760.0000 0 0 72.2222 2 2 27.7778 0 1.0000 0 1.0000 1446 1220438 0 1000000.0000 560.0000 560.0000 560.0000 560.0000 1 0.0000 0.0000 560.0000 560.0000 0 0 77.7778 2 2 22.2222 0 1.0000 0 1.0000 1447 1220439 0 1000000.0000 540.0000 540.0000 540.0000 540.0000 64 0.0000 0.0000 540.0000 540.0000 0 0 81.3084 2 2 18.6916 0 1.0000 0 1.0000 1448 1220440 0 1000000.0000 573.0000 573.0000 573.0000 573.0000 1 0.0000 0.0000 573.0000 573.0000 0 0 77.0115 2 2
0.0000 920.0000 920.0000 2 2 83.3333 1 1 0.0000 0 1.0000 0 1.0000 1498 1220490 0 1000000.0000 840.0000 840.0000 840.0000 840.0000 4 60.7843 0.0000 840.0000 840.0000 2 2 39.2157 1 1 0.0000 0 1.0000 0 1.0000 1499 1220491 0 1000000.0000 930.0000 930.0000 930.0000 930.0000 16 0.0000 0.0000 930.0000 930.0000 2 2 93.2945 1 1 6.7055 0 1.0000 0 1.0000 1500 1220492 0 1000000.0000 1050.0000 1050.0000 1050.0000 1050.0000 8 0.0000 0.0000 1050.0000 1050.0000 2 2 83.1169 1
0.0000 0.0000 940.0000 940.0000 2 2 66.5281 1 1 33.4719 0 1.0000 0 1.0000 1550 1221654 0 1000000.0000 972.0000 972.0000 972.0000 972.0000 128 0.0000 0.0000 972.0000 972.0000 2 2 63.1164 1 1 36.8836 0 1.0000 0 1.0000 1551 1221655 0 1000000.0000 950.0000 950.0000 950.0000 950.0000 64 0.0000 0.0000 950.0000 950.0000 2 2 96.3855 1 1 3.6145 0 1.0000 0 1.0000 1552 1221656 0 1000000.0000 960.0000 960.0000 960.0000 960.0000 32 0.0000 0.0000 960.0000 960.0000 2 2 85.7909
1 0.0000 0.0000 720.0000 720.0000 0 0 76.5418 1 1 23.4582 0 1.0000 0 1.0000 1602 1222822 0 1000000.0000 620.0000 620.0000 620.0000 620.0000 128 0.0000 0.0000 620.0000 620.0000 0 0 80.7692 2 2 19.2308 0 1.0000 0 1.0000 1603 1222823 0 1000000.0000 620.0000 620.0000 620.0000 620.0000 64 0.0000 0.0000 620.0000 620.0000 0 0 80.3922 2 2 19.6078 0 1.0000 0 1.0000 1604 1222824 0 1000000.0000 680.0000 680.0000 680.0000 680.0000 64 0.0000 0.0000 680.0000 680.0000 0 0
817.0000 4 0.0000 0.0000 817.0000 817.0000 1 1 64.4049 2 2 35.5951 0 1.0000 0 1.0000 1654 1222874 0 1000000.0000 850.0000 850.0000 850.0000 850.0000 8 0.0000 0.0000 850.0000 850.0000 1 1 60.8323 2 2 39.1677 0 1.0000 0 1.0000 1655 1222875 0 1000000.0000 840.0000 840.0000 840.0000 840.0000 4 0.0000 0.0000 840.0000 840.0000 2 2 52.4590 1 1 47.5410 0 1.0000 0 1.0000 1656 1222876 0 1000000.0000 850.0000 850.0000 850.0000 850.0000 4 0.0000 0.0000 850.0000 850.0000 2
1010.0000 1010.0000 2 0.0000 0.0000 1010.0000 1010.0000 2 2 52.2876 1 1 47.7124 0 1.0000 0 1.0000 1706 1224046 0 1000000.0000 1093.0000 1093.0000 1093.0000 1093.0000 4 0.0000 0.0000 1093.0000 1093.0000 2 2 91.1681 1 1 8.8319 0 1.0000 0 1.0000 1707 1224047 0 1000000.0000 1020.0000 1020.0000 1020.0000 1020.0000 1 0.0000 0.0000 1020.0000 1020.0000 2 2 80.4020 1 1 19.5980 0 1.0000 0 1.0000 1708 1224048 0 1000000.0000 810.0000 810.0000 810.0000 810.0000 2 0.0000 0.0000 810.0000 810.0000
635.0000 635.0000 635.0000 64 0.0000 0.0000 635.0000 635.0000 0 0 67.3813 1 1 32.6187 0 1.0000 0 1.0000 1758 1225213 0 1000000.0000 660.0000 660.0000 660.0000 660.0000 64 0.0000 0.0000 660.0000 660.0000 0 0 70.2904 1 1 29.7096 0 1.0000 0 1.0000 1759 1225214 0 1000000.0000 680.0000 680.0000 680.0000 680.0000 32 0.0000 0.0000 680.0000 680.0000 0 0 78.9744 1 1 21.0256 0 1.0000 0 1.0000 1760 1225215 0 1000000.0000 700.0000 700.0000 700.0000 700.0000 16 0.0000 0.0000 700.0000
