Dew_Gaulfoss_grid_grid/dew_landscape.txt
ncols         1195
nrows         1550
xllcorner     -75000
yllcorner     6450000
cellsize      1000
NODATA_value  -9999
[rows 0 to 33 of 59, columns 152 to 227 of 1195]
180.0000 16 0.0000 0.0000 180.0000 180.0000 0 0 80.1980 2 2 19.8020 0 1.0000 0 1.0000 7 1188166 0 1000000.0000 400.0000 400.0000 400.0000 400.0000 8 0.0000 0.0000 400.0000 400.0000 0 0 77.3606 1 1 22.6394 0 1.0000 0 1.0000 8 1188167 0 1000000.0000 320.0000 320.0000 320.0000 320.0000 8 0.0000 0.0000 320.0000 320.0000 0 0 75.8037 1 1 24.1963 0 1.0000 0 1.0000 9 1188170 0 1000000.0000 520.0000 520.0000 520.0000 520.0000 32 0.0000 0.0000 520.0000 520.0000 1
600.0000 600.0000 4 0.0000 0.0000 600.0000 600.0000 2 2 51.2821 0 0 48.7179 0 1.0000 0 1.0000 59 1191783 0 1000000.0000 560.0000 560.0000 560.0000 560.0000 128 0.0000 0.0000 560.0000 560.0000 0 0 77.2727 2 2 22.7273 0 1.0000 0 1.0000 60 1192944 0 1000000.0000 340.0000 340.0000 340.0000 340.0000 128 1.5679 0.0000 340.0000 340.0000 0 0 81.7487 2 2 16.6834 0 1.0000 0 1.0000 61 1192945 0 1000000.0000 360.0000 360.0000 360.0000 360.0000 64 0.0000 0.0000 360.0000 360.0000
560.0000 560.0000 560.0000 1 0.0000 0.0000 560.0000 560.0000 1 1 74.1727 2 2 25.8273 0 1.0000 0 1.0000 111 1195345 0 1000000.0000 537.0000 537.0000 537.0000 537.0000 4 11.6694 0.0000 537.0000 537.0000 1 1 62.3987 2 2 25.9319 0 1.0000 0 1.0000 112 1195346 0 1000000.0000 602.0000 602.0000 602.0000 602.0000 16 0.0000 0.0000 602.0000 602.0000 1 1 65.1416 2 2 34.8584 0 1.0000 0 1.0000 113 1195347 0 1000000.0000 590.0000 590.0000 590.0000 590.0000 8 0.0000 0.0000 590.0000
440.0000 440.0000 440.0000 440.0000 1 0.0000 0.0000 440.0000 440.0000 0 0 81.1321 2 2 18.8679 0 1.0000 0 1.0000 163 1197724 0 1000000.0000 250.0000 250.0000 250.0000 250.0000 4 0.0000 0.0000 250.0000 250.0000 0 0 80.5825 2 2 19.4175 0 1.0000 0 1.0000 164 1197725 0 1000000.0000 80.0000 80.0000 80.0000 80.0000 128 0.0000 0.0000 80.0000 80.0000 0 0 72.9730 2 2 27.0270 0 1.0000 0 1.0000 165 1197726 0 1000000.0000 80.0000 80.0000 80.0000 80.0000 64 0.0000 0.0000
1000000.0000 500.0000 500.0000 500.0000 500.0000 8 0.0000 0.0000 500.0000 500.0000 0 0 71.0059 1 1 28.9941 0 1.0000 0 1.0000 215 1198933 0 1000000.0000 590.0000 590.0000 590.0000 590.0000 16 0.0000 0.0000 590.0000 590.0000 1 1 79.4212 2 2 20.5788 0 1.0000 0 1.0000 216 1198934 0 1000000.0000 650.0000 650.0000 650.0000 650.0000 4 0.0000 0.0000 650.0000 650.0000 1 1 74.1100 2 2 25.8900 0 1.0000 0 1.0000 217 1198935 0 1000000.0000 620.0000 620.0000 620.0000 620.0000 4 0.0000
0 1000000.0000 680.0000 680.0000 680.0000 680.0000 2 0.0000 0.0000 680.0000 680.0000 2 2 64.1283 1 1 35.8717 0 1.0000 0 1.0000 267 1200143 0 1000000.0000 590.0000 590.0000 590.0000 590.0000 1 0.0000 0.0000 590.0000 590.0000 1 1 51.9520 2 2 48.0480 0 1.0000 0 1.0000 268 1200144 0 1000000.0000 500.0000 500.0000 500.0000 500.0000 4 0.0000 0.0000 500.0000 500.0000 0 0 69.6125 1 1 30.3875 0 1.0000 0 1.0000 269 1200145 0 1000000.0000 530.0000 530.0000 530.0000 530.0000 4
1201346 0 1000000.0000 695.0000 695.0000 695.0000 695.0000 16 0.0000 0.0000 695.0000 695.0000 0 0 69.6970 2 2 30.3030 0 1.0000 0 1.0000 319 1201347 0 1000000.0000 753.0000 753.0000 753.0000 753.0000 8 8.0672 0.0000 753.0000 753.0000 2 2 61.2885 0 0 30.6443 0 1.0000 0 1.0000 320 1201348 0 1000000.0000 748.0000 748.0000 748.0000 748.0000 128 17.0940 0.0000 748.0000 748.0000 2 2 68.3761 1 1 14.5299 0 1.0000 0 1.0000 321 1202498 0 1000000.0000 680.0000 680.0000 680.0000 680.0000
370 1202548 0 1000000.0000 640.0000 640.0000 640.0000 640.0000 64 14.9271 0.0000 640.0000 640.0000 0 0 53.7774 1 1 31.2955 0 1.0000 0 1.0000 371 1203689 0 1000000.0000 740.0000 740.0000 740.0000 740.0000 2 23.4604 0.0000 740.0000 740.0000 2 2 49.3804 0 0 27.1592 0 1.0000 0 1.0000 372 1203690 0 1000000.0000 728.0000 728.0000 728.0000 728.0000 4 0.0000 0.0000 728.0000 728.0000 0 0 71.4286 2 2 28.5714 0 1.0000 0 1.0000 373 1203691 0 1000000.0000 900.0000 900.0000 900.0000
1.0000 422 1203741 0 1000000.0000 615.0000 615.0000 615.0000 615.0000 2 16.3823 0.0000 615.0000 615.0000 1 1 49.6163 0 0 34.0015 0 1.0000 0 1.0000 423 1203742 0 1000000.0000 650.0000 650.0000 650.0000 650.0000 4 0.0000 0.0000 650.0000 650.0000 1 1 57.7836 0 0 42.2164 0 1.0000 0 1.0000 424 1203743 0 1000000.0000 690.0000 690.0000 690.0000 690.0000 8 0.0000 0.0000 690.0000 690.0000 0 0 76.7442 2 2 23.2558 0 1.0000 0 1.0000 425 1203744 0 1000000.0000 780.0000 780.0000
0 1.0000 474 1204929 0 1000000.0000 660.0000 660.0000 660.0000 660.0000 8 0.0000 0.0000 660.0000 660.0000 0 0 51.5654 1 1 48.4346 0 1.0000 0 1.0000 475 1204930 0 1000000.0000 653.0000 653.0000 653.0000 653.0000 8 0.0000 0.0000 653.0000 653.0000 2 2 53.8721 1 1 46.1279 0 1.0000 0 1.0000 476 1204931 0 1000000.0000 700.0000 700.0000 700.0000 700.0000 4 0.0000 0.0000 700.0000 700.0000 0 0 67.2131 2 2 32.7869 0 1.0000 0 1.0000 477 1204932 0 1000000.0000 720.0000
1.0000 0 1.0000 526 1206113 0 1000000.0000 480.0000 480.0000 480.0000 480.0000 8 0.0000 0.0000 480.0000 480.0000 0 0 67.5063 1 1 32.4937 0 1.0000 0 1.0000 527 1206114 0 1000000.0000 530.0000 530.0000 530.0000 530.0000 8 0.0000 0.0000 530.0000 530.0000 0 0 77.6533 1 1 22.3467 0 1.0000 0 1.0000 528 1206115 0 1000000.0000 600.0000 600.0000 600.0000 600.0000 4 0.0000 0.0000 600.0000 600.0000 0 0 80.7692 2 2 19.2308 0 1.0000 0 1.0000 529 1206116 0 1000000.0000
0 1.0000 0 1.0000 578 1207289 0 1000000.0000 552.0000 552.0000 552.0000 552.0000 8 8.2902 0.0000 552.0000 552.0000 0 0 66.5839 2 2 25.1260 0 1.0000 0 1.0000 579 1207290 0 1000000.0000 560.0000 560.0000 560.0000 560.0000 16 4.4506 0.0000 560.0000 560.0000 0 0 77.2737 1 1 18.2757 0 1.0000 0 1.0000 580 1207291 0 1000000.0000 600.0000 600.0000 600.0000 600.0000 16 0.0000 0.0000 600.0000 600.0000 0 0 79.2079 1 1 20.7921 0 1.0000 0 1.0000 581 1207292 0
9.0909 0 1.0000 0 1.0000 630 1208463 0 1000000.0000 1078.0000 1078.0000 1078.0000 1078.0000 8 0.0000 0.0000 1078.0000 1078.0000 2 2 88.8889 1 1 11.1111 0 1.0000 0 1.0000 631 1208464 0 1000000.0000 1040.0000 1040.0000 1040.0000 1040.0000 2 0.0000 0.0000 1040.0000 1040.0000 2 2 100.0000 1 1 0.0000 0 1.0000 0 1.0000 632 1208465 0 1000000.0000 940.0000 940.0000 940.0000 940.0000 2 0.0000 0.0000 940.0000 940.0000 2 2 100.0000 1 1 0.0000 0 1.0000 0 1.0000 633 1208466
2 19.2308 0 1.0000 0 1.0000 682 1208515 0 1000000.0000 320.0000 320.0000 320.0000 320.0000 16 0.0000 0.0000 320.0000 320.0000 0 0 82.6087 2 2 17.3913 0 1.0000 0 1.0000 683 1208516 0 1000000.0000 500.0000 500.0000 500.0000 500.0000 4 0.0000 0.0000 500.0000 500.0000 0 0 82.7586 2 2 17.2414 0 1.0000 0 1.0000 684 1208517 0 1000000.0000 550.0000 550.0000 550.0000 550.0000 4 0.0000 0.0000 550.0000 550.0000 0 0 62.2101 1 1 37.7899 0 1.0000 0 1.0000 685
1 1 29.4118 0 1.0000 0 1.0000 734 1209685 0 1000000.0000 385.0000 385.0000 385.0000 385.0000 128 0.0000 0.0000 385.0000 385.0000 0 0 77.2727 2 2 22.7273 0 1.0000 0 1.0000 735 1209686 0 1000000.0000 480.0000 480.0000 480.0000 480.0000 64 0.0000 0.0000 480.0000 480.0000 0 0 80.0000 2 2 20.0000 0 1.0000 0 1.0000 736 1209687 0 1000000.0000 560.0000 560.0000 560.0000 560.0000 32 0.0000 0.0000 560.0000 560.0000 0 0 82.9060 2 2 17.0940 0 1.0000 0 1.0000
96.0961 1 1 3.9039 0 1.0000 0 1.0000 786 1210854 0 1000000.0000 866.0000 866.0000 866.0000 866.0000 2 0.0000 0.0000 866.0000 866.0000 2 2 99.6885 1 1 0.3115 0 1.0000 0 1.0000 787 1210855 0 1000000.0000 720.0000 720.0000 720.0000 720.0000 2 0.0000 0.0000 720.0000 720.0000 0 0 54.5455 2 2 45.4545 0 1.0000 0 1.0000 788 1210856 0 1000000.0000 607.0000 607.0000 607.0000 607.0000 2 3.1936 0.0000 607.0000 607.0000 0 0 78.5410 2 2 18.2654 0 1.0000 0
0 83.3333 2 2 16.6667 0 1.0000 0 1.0000 838 1210906 0 1000000.0000 360.0000 360.0000 360.0000 360.0000 64 0.0000 0.0000 360.0000 360.0000 0 0 83.3333 2 2 16.6667 0 1.0000 0 1.0000 839 1210907 0 1000000.0000 340.0000 340.0000 340.0000 340.0000 32 0.0000 0.0000 340.0000 340.0000 0 0 83.0508 2 2 16.9492 0 1.0000 0 1.0000 840 1210908 0 1000000.0000 320.0000 320.0000 320.0000 320.0000 16 1.8692 0.0000 320.0000 320.0000 0 0 78.5047 2 2 19.6262 0 1.0000
0 0 69.0722 1 1 30.9278 0 1.0000 0 1.0000 890 1212073 0 1000000.0000 550.0000 550.0000 550.0000 550.0000 1 0.0000 0.0000 550.0000 550.0000 0 0 72.1154 1 1 27.8846 0 1.0000 0 1.0000 891 1212074 0 1000000.0000 510.0000 510.0000 510.0000 510.0000 128 0.0000 0.0000 510.0000 510.0000 0 0 81.4815 2 2 18.5185 0 1.0000 0 1.0000 892 1212075 0 1000000.0000 420.0000 420.0000 420.0000 420.0000 64 0.0000 0.0000 420.0000 420.0000 0 0 81.3084 2 2 18.6916 0
1000.0000 2 2 88.3978 1 1 2.7624 0 1.0000 0 1.0000 942 1212125 0 1000000.0000 1080.0000 1080.0000 1080.0000 1080.0000 16 16.6667 0.0000 1080.0000 1080.0000 2 2 83.3333 1 1 0.0000 0 1.0000 0 1.0000 943 1213242 0 1000000.0000 720.0000 720.0000 720.0000 720.0000 2 0.0000 0.0000 720.0000 720.0000 0 0 55.4622 1 1 44.5378 0 1.0000 0 1.0000 944 1213243 0 1000000.0000 730.0000 730.0000 730.0000 730.0000 2 0.0000 0.0000 730.0000 730.0000 0 0 64.2857 2 2 35.7143
616.0000 616.0000 1 1 61.6657 2 2 28.0697 0 1.0000 0 1.0000 994 1213293 0 1000000.0000 620.0000 620.0000 620.0000 620.0000 32 30.3233 0.0000 620.0000 620.0000 0 0 46.8319 2 2 22.8448 0 1.0000 0 1.0000 995 1213294 0 1000000.0000 720.0000 720.0000 720.0000 720.0000 16 0.0000 0.0000 720.0000 720.0000 0 0 54.5455 2 2 45.4545 0 1.0000 0 1.0000 996 1213295 0 1000000.0000 700.0000 700.0000 700.0000 700.0000 128 0.0000 0.0000 700.0000 700.0000 0 0 60.0000 2 2
0.0000 550.0000 550.0000 0 0 81.6514 2 2 18.3486 0 1.0000 0 1.0000 1046 1214461 0 1000000.0000 560.0000 560.0000 560.0000 560.0000 8 0.0000 0.0000 560.0000 560.0000 0 0 67.7419 2 2 32.2581 0 1.0000 0 1.0000 1047 1214462 0 1000000.0000 540.0000 540.0000 540.0000 540.0000 8 0.0000 0.0000 540.0000 540.0000 0 0 78.7234 2 2 21.2766 0 1.0000 0 1.0000 1048 1214463 0 1000000.0000 560.0000 560.0000 560.0000 560.0000 1 0.0000 0.0000 560.0000 560.0000 0 0 82.1429 2
0.0000 0.0000 940.0000 940.0000 2 2 63.3663 1 1 36.6337 0 1.0000 0 1.0000 1098 1214513 0 1000000.0000 907.0000 907.0000 907.0000 907.0000 8 0.0000 0.0000 907.0000 907.0000 2 2 80.4020 1 1 19.5980 0 1.0000 0 1.0000 1099 1214514 0 1000000.0000 1000.0000 1000.0000 1000.0000 1000.0000 8 0.0000 0.0000 1000.0000 1000.0000 2 2 100.0000 1 1 0.0000 0 1.0000 0 1.0000 1100 1214515 0 1000000.0000 1020.0000 1020.0000 1020.0000 1020.0000 4 0.0000 0.0000 1020.0000 1020.0000 2 2 100.0000
32 0.0000 0.0000 710.0000 710.0000 0 0 72.9730 2 2 27.0270 0 1.0000 0 1.0000 1150 1215681 0 1000000.0000 720.0000 720.0000 720.0000 720.0000 128 0.0000 0.0000 720.0000 720.0000 1 1 54.8173 0 0 45.1827 0 1.0000 0 1.0000 1151 1215682 0 1000000.0000 740.0000 740.0000 740.0000 740.0000 64 0.0000 0.0000 740.0000 740.0000 0 0 65.5172 2 2 34.4828 0 1.0000 0 1.0000 1152 1215683 0 1000000.0000 700.0000 700.0000 700.0000 700.0000 64 0.0000 0.0000 700.0000 700.0000 0 0
647.0000 1 0.0000 0.0000 647.0000 647.0000 0 0 79.8639 1 1 20.1361 0 1.0000 0 1.0000 1202 1216848 0 1000000.0000 560.0000 560.0000 560.0000 560.0000 1 0.0000 0.0000 560.0000 560.0000 0 0 82.3009 2 2 17.6991 0 1.0000 0 1.0000 1203 1216849 0 1000000.0000 520.0000 520.0000 520.0000 520.0000 64 0.0000 0.0000 520.0000 520.0000 0 0 83.0508 2 2 16.9492 0 1.0000 0 1.0000 1204 1216850 0 1000000.0000 533.0000 533.0000 533.0000 533.0000 64 0.0000 0.0000 533.0000 533.0000 0
700.0000 700.0000 64 0.0000 0.0000 700.0000 700.0000 0 0 74.0260 2 2 25.9740 0 1.0000 0 1.0000 1254 1216900 0 1000000.0000 770.0000 770.0000 770.0000 770.0000 32 0.0000 0.0000 770.0000 770.0000 2 2 57.1429 0 0 42.8571 0 1.0000 0 1.0000 1255 1216901 0 1000000.0000 790.0000 790.0000 790.0000 790.0000 32 0.0000 0.0000 790.0000 790.0000 2 2 81.6327 1 1 18.3673 0 1.0000 0 1.0000 1256 1216902 0 1000000.0000 806.0000 806.0000 806.0000 806.0000 32 0.0000 0.0000 806.0000 806.0000
800.0000 800.0000 800.0000 32 0.0000 0.0000 800.0000 800.0000 2 2 55.8464 1 1 44.1536 0 1.0000 0 1.0000 1306 1218070 0 1000000.0000 820.0000 820.0000 820.0000 820.0000 64 0.0000 0.0000 820.0000 820.0000 2 2 80.6045 1 1 19.3955 0 1.0000 0 1.0000 1307 1218071 0 1000000.0000 900.0000 900.0000 900.0000 900.0000 16 0.0000 0.0000 900.0000 900.0000 2 2 100.0000 1 1 0.0000 0 1.0000 0 1.0000 1308 1218072 0 1000000.0000 1004.0000 1004.0000 1004.0000 1004.0000 64 0.0000 0.0000 1004.0000
622.0000 622.0000 622.0000 622.0000 128 3.3264 0.0000 622.0000 622.0000 0 0 59.2597 1 1 37.4139 0 1.0000 0 1.0000 1358 1219238 0 1000000.0000 621.0000 621.0000 621.0000 621.0000 1 8.0268 0.0000 621.0000 621.0000 0 0 61.9609 1 1 30.0123 0 1.0000 0 1.0000 1359 1219239 0 1000000.0000 580.0000 580.0000 580.0000 580.0000 128 0.0000 0.0000 580.0000 580.0000 0 0 78.9474 2 2 21.0526 0 1.0000 0 1.0000 1360 1219240 0 1000000.0000 612.0000 612.0000 612.0000 612.0000 64 0.0000 0.0000
1000000.0000 847.0000 847.0000 847.0000 847.0000 64 0.0000 0.0000 847.0000 847.0000 2 2 97.8593 1 1 2.1407 0 1.0000 0 1.0000 1410 1219290 0 1000000.0000 820.0000 820.0000 820.0000 820.0000 32 26.1818 0.0000 820.0000 820.0000 2 2 58.1818 1 1 15.6364 0 1.0000 0 1.0000 1411 1219291 0 1000000.0000 890.0000 890.0000 890.0000 890.0000 16 8.7671 0.0000 890.0000 890.0000 2 2 87.6712 1 1 3.5616 0 1.0000 0 1.0000 1412 1219292 0 1000000.0000 893.0000 893.0000 893.0000 893.0000 128 12.1519
0 1000000.0000 640.0000 640.0000 640.0000 640.0000 32 0.0000 0.0000 640.0000 640.0000 0 0 83.3333 2 2 16.6667 0 1.0000 0 1.0000 1462 1220454 0 1000000.0000 620.0000 620.0000 620.0000 620.0000 16 0.0000 0.0000 620.0000 620.0000 0 0 82.4561 2 2 17.5439 0 1.0000 0 1.0000 1463 1220455 0 1000000.0000 700.0000 700.0000 700.0000 700.0000 4 0.0000 0.0000 700.0000 700.0000 0 0 82.9060 2 2 17.0940 0 1.0000 0 1.0000 1464 1220456 0 1000000.0000 796.0000 796.0000 796.0000 796.0000 8
1221617 0 1000000.0000 682.0000 682.0000 682.0000 682.0000 32 0.0000 0.0000 682.0000 682.0000 0 0 65.6151 1 1 34.3849 0 1.0000 0 1.0000 1514 1221618 0 1000000.0000 723.0000 723.0000 723.0000 723.0000 1 0.0000 0.0000 723.0000 723.0000 0 0 66.2391 1 1 33.7609 0 1.0000 0 1.0000 1515 1221619 0 1000000.0000 664.0000 664.0000 664.0000 664.0000 1 0.0000 0.0000 664.0000 664.0000 0 0 83.0508 2 2 16.9492 0 1.0000 0 1.0000 1516 1221620 0 1000000.0000 607.0000 607.0000 607.0000 607.0000
1565 1221669 0 1000000.0000 550.0000 550.0000 550.0000 550.0000 1 0.0000 0.0000 550.0000 550.0000 0 0 79.7980 2 2 20.2020 0 1.0000 0 1.0000 1566 1221670 0 1000000.0000 400.0000 400.0000 400.0000 400.0000 64 0.0000 0.0000 400.0000 400.0000 0 0 81.6514 2 2 18.3486 0 1.0000 0 1.0000 1567 1221671 0 1000000.0000 431.0000 431.0000 431.0000 431.0000 16 0.0000 0.0000 431.0000 431.0000 0 0 81.6514 2 2 18.3486 0 1.0000 0 1.0000 1568 1221672 0 1000000.0000 600.0000 600.0000 600.0000
1.0000 1617 1222837 0 1000000.0000 1030.0000 1030.0000 1030.0000 1030.0000 1 0.0000 0.0000 1030.0000 1030.0000 2 2 96.9697 1 1 3.0303 0 1.0000 0 1.0000 1618 1222838 0 1000000.0000 893.0000 893.0000 893.0000 893.0000 1 0.0000 0.0000 893.0000 893.0000 2 2 77.4818 1 1 22.5182 0 1.0000 0 1.0000 1619 1222839 0 1000000.0000 840.0000 840.0000 840.0000 840.0000 1 0.0000 0.0000 840.0000 840.0000 0 0 58.3333 2 2 41.6667 0 1.0000 0 1.0000 1620 1222840 0 1000000.0000 720.0000 720.0000
0 1.0000 1669 1224009 0 1000000.0000 642.0000 642.0000 642.0000 642.0000 128 0.0000 0.0000 642.0000 642.0000 1 1 73.6322 0 0 26.3678 0 1.0000 0 1.0000 1670 1224010 0 1000000.0000 613.0000 613.0000 613.0000 613.0000 64 0.0000 0.0000 613.0000 613.0000 0 0 80.0000 1 1 20.0000 0 1.0000 0 1.0000 1671 1224011 0 1000000.0000 650.0000 650.0000 650.0000 650.0000 64 0.0000 0.0000 650.0000 650.0000 0 0 73.9462 1 1 26.0538 0 1.0000 0 1.0000 1672 1224012 0 1000000.0000 715.0000
1.0000 0 1.0000 1721 1224061 0 1000000.0000 420.0000 420.0000 420.0000 420.0000 64 0.0000 0.0000 420.0000 420.0000 0 0 78.7234 2 2 21.2766 0 1.0000 0 1.0000 1722 1224062 0 1000000.0000 357.0000 357.0000 357.0000 357.0000 32 0.0000 0.0000 357.0000 357.0000 0 0 69.6970 2 2 30.3030 0 1.0000 0 1.0000 1723 1224063 0 1000000.0000 520.0000 520.0000 520.0000 520.0000 16 0.0000 0.0000 520.0000 520.0000 0 0 75.9036 2 2 24.0964 0 1.0000 0 1.0000 1724 1224064 0 1000000.0000
