Dew_Losna_grid_grid_source_to_sink/dew_landscape.txt
ncols         1195
nrows         1550
xllcorner     -75000
yllcorner     6450000
cellsize      1000
NODATA_value  -9999
[rows 170 to 203 of 206, columns 608 to 683 of 1195]
2 27.7778 0 1.0000 0 1.0000 8859 1397254 0 1000000.0000 977.0000 977.0000 1.0072 977.0000 4 0.0000 0.0000 977.0000 977.0000 0 0 72.3047 1 1 27.6953 0 1.0000 0 1.0000 8860 1397255 0 1000000.0000 993.0000 993.0000 0.9729 993.0000 128 0.0000 0.0000 993.0000 993.0000 0 0 82.3009 2 2 17.6991 0 1.0000 0 1.0000 8861 1397256 0 1000000.0000 960.0000 960.0000 2.1913 960.0000 2 0.0000 0.0000 960.0000 960.0000 0 0 83.0508 2 2 16.9492 0 1.0000 0 1.0000 8862
2 2 22.4719 0 1.0000 0 1.0000 8911 1398378 0 1000000.0000 1040.0000 1040.0000 11.4443 1040.0000 16 3.7325 0.0000 1040.0000 1040.0000 0 0 68.3639 2 2 27.9036 0 1.0000 0 1.0000 8912 1398379 0 1000000.0000 1340.0000 1340.0000 17.3430 1340.0000 64 0.0000 0.0000 1340.0000 1340.0000 0 0 50.0000 2 2 50.0000 0 1.0000 0 1.0000 8913 1398380 0 1000000.0000 1630.0000 1630.0000 20.6673 1630.0000 64 4.5455 4.5455 1630.0000 1630.0000 2 2 90.9091 1 1 0.0000 0 1.0000 0 1.0000
82.7586 2 2 17.2414 0 1.0000 0 1.0000 8963 1398430 0 1000000.0000 967.0000 967.0000 3.3358 967.0000 16 0.0000 0.0000 967.0000 967.0000 0 0 83.3333 2 2 16.6667 0 1.0000 0 1.0000 8964 1398431 0 1000000.0000 1034.0000 1034.0000 4.1321 1034.0000 64 0.0000 0.0000 1034.0000 1034.0000 0 0 80.9524 2 2 19.0476 0 1.0000 0 1.0000 8965 1398432 0 1000000.0000 1100.0000 1100.0000 6.5834 1100.0000 64 0.0000 0.0000 1100.0000 1100.0000 0 0 75.0000 2 2 25.0000 0 1.0000 0
2 60.6061 1 1 0.0000 0 1.0000 0 1.0000 9015 1399560 0 1000000.0000 1592.0000 1592.0000 6.7402 1592.0000 4 21.8750 15.6250 1592.0000 1592.0000 2 2 62.5000 1 1 0.0000 0 1.0000 0 1.0000 9016 1399561 0 1000000.0000 1580.0000 1580.0000 1.8207 1580.0000 8 0.0000 0.0000 1580.0000 1580.0000 2 2 96.3855 1 1 3.6145 0 1.0000 0 1.0000 9017 1399562 0 1000000.0000 1520.0000 1520.0000 0.8412 1520.0000 1 51.2195 0.0000 1520.0000 1520.0000 2 2 48.7805 1 1 0.0000 0 1.0000
2 2 100.0000 1 1 0.0000 0 1.0000 0 1.0000 9067 1399612 0 1000000.0000 1260.0000 1260.0000 3.1386 1260.0000 128 0.0000 0.0000 1260.0000 1260.0000 2 2 100.0000 1 1 0.0000 0 1.0000 0 1.0000 9068 1399613 0 1000000.0000 1100.0000 1100.0000 5.1434 1100.0000 128 0.0000 0.0000 1100.0000 1100.0000 2 2 60.6061 0 0 39.3939 0 1.0000 0 1.0000 9069 1399614 0 1000000.0000 980.0000 980.0000 2.4812 980.0000 64 0.0000 0.0000 980.0000 980.0000 0 0 64.9123 2 2 35.0877 0
880.0000 0 0 83.0508 2 2 16.9492 0 1.0000 0 1.0000 9119 1399672 0 1000000.0000 896.0000 896.0000 1.5403 896.0000 8 0.0000 0.0000 896.0000 896.0000 0 0 69.3333 1 1 30.6667 0 1.0000 0 1.0000 9120 1399673 0 1000000.0000 911.0000 911.0000 1.5372 911.0000 8 0.0000 0.0000 911.0000 911.0000 1 1 79.1802 2 2 20.8198 0 1.0000 0 1.0000 9121 1399674 0 1000000.0000 944.0000 944.0000 2.2557 944.0000 16 0.0000 0.0000 944.0000 944.0000 0 0 58.0858 1 1 41.9142
1260.0000 1260.0000 2 2 100.0000 1 1 0.0000 0 1.0000 0 1.0000 9171 1400796 0 1000000.0000 1370.0000 1370.0000 11.3590 1370.0000 4 0.0000 0.0000 1370.0000 1370.0000 2 2 71.4286 0 0 28.5714 0 1.0000 0 1.0000 9172 1400797 0 1000000.0000 1300.0000 1300.0000 11.3082 1300.0000 4 0.0000 0.0000 1300.0000 1300.0000 2 2 90.9091 0 0 9.0909 0 1.0000 0 1.0000 9173 1400798 0 1000000.0000 1340.0000 1340.0000 10.1855 1340.0000 4 0.0000 0.0000 1340.0000 1340.0000 2 2 100.0000 1 1
0.0000 340.0000 340.0000 0 0 71.4286 2 2 28.5714 0 1.0000 0 1.0000 9223 1400859 0 1000000.0000 520.0000 520.0000 12.0865 520.0000 16 0.0000 0.0000 520.0000 520.0000 0 0 67.7419 2 2 32.2581 0 1.0000 0 1.0000 9224 1400860 0 1000000.0000 680.0000 680.0000 8.4775 680.0000 16 0.0000 0.0000 680.0000 680.0000 0 0 81.9820 2 2 18.0180 0 1.0000 0 1.0000 9225 1400861 0 1000000.0000 840.0000 840.0000 5.5871 840.0000 16 0.0000 0.0000 840.0000 840.0000 0 0 83.3333 2
0.0000 0.0000 1220.0000 1220.0000 2 2 60.6061 0 0 39.3939 0 1.0000 0 1.0000 9275 1401983 0 1000000.0000 1300.0000 1300.0000 8.5051 1300.0000 4 0.0000 0.0000 1300.0000 1300.0000 2 2 68.0851 1 1 31.9149 0 1.0000 0 1.0000 9276 1401984 0 1000000.0000 1360.0000 1360.0000 10.0451 1360.0000 8 0.0000 0.0000 1360.0000 1360.0000 2 2 92.2190 1 1 7.7810 0 1.0000 0 1.0000 9277 1401985 0 1000000.0000 1460.0000 1460.0000 10.4583 1460.0000 4 0.0000 0.0000 1460.0000 1460.0000 2 2 100.0000
32 3.7951 0.0000 900.0000 900.0000 0 0 79.3269 2 2 16.8781 0 1.0000 0 1.0000 9327 1402047 0 1000000.0000 900.0000 900.0000 1.6434 900.0000 128 4.3197 0.0000 900.0000 900.0000 0 0 77.4555 2 2 18.2248 0 1.0000 0 1.0000 9328 1402048 0 1000000.0000 890.0000 890.0000 3.5797 890.0000 128 0.0000 0.0000 890.0000 890.0000 0 0 78.7234 2 2 21.2766 0 1.0000 0 1.0000 9329 1402049 0 1000000.0000 820.0000 820.0000 5.6724 820.0000 1 0.0000 0.0000 820.0000 820.0000 0 0
1480.0000 64 0.0000 0.0000 1480.0000 1480.0000 2 2 100.0000 1 1 0.0000 0 1.0000 0 1.0000 9379 1403171 0 1000000.0000 1500.0000 1500.0000 9.2848 1500.0000 64 0.0000 0.0000 1500.0000 1500.0000 2 2 100.0000 1 1 0.0000 0 1.0000 0 1.0000 9380 1403172 0 1000000.0000 1320.0000 1320.0000 7.2034 1320.0000 128 0.0000 0.0000 1320.0000 1320.0000 2 2 100.0000 1 1 0.0000 0 1.0000 0 1.0000 9381 1403173 0 1000000.0000 1240.0000 1240.0000 4.8544 1240.0000 64 0.0000 0.0000 1240.0000 1240.0000 2
1.5085 1020.0000 128 0.0000 0.0000 1020.0000 1020.0000 2 2 52.7183 1 1 47.2817 0 1.0000 0 1.0000 9431 1403235 0 1000000.0000 1020.0000 1020.0000 2.9256 1020.0000 128 0.0000 0.0000 1020.0000 1020.0000 2 2 74.9415 1 1 25.0585 0 1.0000 0 1.0000 9432 1403236 0 1000000.0000 940.0000 940.0000 2.0404 940.0000 64 0.0000 0.0000 940.0000 940.0000 2 2 52.6316 0 0 47.3684 0 1.0000 0 1.0000 9433 1403237 0 1000000.0000 920.0000 920.0000 1.2167 920.0000 32 8.4507 0.0000 920.0000 920.0000
1492.0000 2.3147 1492.0000 4 57.4468 0.0000 1492.0000 1492.0000 2 2 42.5532 1 1 0.0000 0 1.0000 0 1.0000 9483 1404358 0 1000000.0000 1690.0000 1690.0000 3.3608 1690.0000 16 27.5000 22.5000 1690.0000 1690.0000 2 2 50.0000 1 1 0.0000 0 1.0000 0 1.0000 9484 1404359 0 1000000.0000 1600.0000 1600.0000 3.7520 1600.0000 1 31.9444 40.2778 1600.0000 1600.0000 2 2 27.7778 1 1 0.0000 0 1.0000 0 1.0000 9485 1404360 0 1000000.0000 1620.0000 1620.0000 5.9775 1620.0000 128 35.0877 29.8246 1620.0000
1130.0000 1130.0000 1.5812 1130.0000 8 50.5747 0.0000 1130.0000 1130.0000 2 2 45.9770 1 1 3.4483 0 1.0000 0 1.0000 9535 1404422 0 1000000.0000 975.0000 975.0000 2.0276 975.0000 1 0.0000 0.0000 975.0000 975.0000 0 0 81.8182 2 2 18.1818 0 1.0000 0 1.0000 9536 1404423 0 1000000.0000 937.0000 937.0000 1.0966 937.0000 64 28.1938 0.0000 937.0000 937.0000 1 1 41.4491 0 0 30.3571 0 1.0000 0 1.0000 9537 1404424 0 1000000.0000 953.0000 953.0000 0.4535 953.0000 1 3.4079 0.0000
1000000.0000 1264.0000 1264.0000 6.6031 1264.0000 8 19.0931 0.0000 1264.0000 1264.0000 2 2 76.3723 1 1 4.5346 0 1.0000 0 1.0000 9587 1405542 0 1000000.0000 1400.0000 1400.0000 9.5628 1400.0000 8 0.0000 0.0000 1400.0000 1400.0000 2 2 100.0000 1 1 0.0000 0 1.0000 0 1.0000 9588 1405543 0 1000000.0000 1540.0000 1540.0000 10.1272 1540.0000 8 0.0000 0.0000 1540.0000 1540.0000 2 2 100.0000 1 1 0.0000 0 1.0000 0 1.0000 9589 1405544 0 1000000.0000 1840.0000 1840.0000 4.5401 1840.0000 32 7.5000
0 1000000.0000 990.0000 990.0000 3.6878 990.0000 16 0.0000 0.0000 990.0000 990.0000 0 0 73.5230 1 1 26.4770 0 1.0000 0 1.0000 9639 1405594 0 1000000.0000 1060.0000 1060.0000 3.5949 1060.0000 16 0.0000 0.0000 1060.0000 1060.0000 0 0 62.9630 2 2 37.0370 0 1.0000 0 1.0000 9640 1405595 0 1000000.0000 1090.0000 1090.0000 5.4872 1090.0000 64 0.0000 0.0000 1090.0000 1090.0000 0 0 51.4056 1 1 48.5944 0 1.0000 0 1.0000 9641 1405596 0 1000000.0000 1113.0000 1113.0000 4.8218 1113.0000 32
1405657 0 1000000.0000 984.0000 984.0000 2.4086 984.0000 8 0.0000 0.0000 984.0000 984.0000 1 1 75.6839 2 2 24.3161 0 1.0000 0 1.0000 9691 1405658 0 1000000.0000 1004.0000 1004.0000 2.5724 1004.0000 8 0.0000 0.0000 1004.0000 1004.0000 1 1 77.1429 2 2 22.8571 0 1.0000 0 1.0000 9692 1405659 0 1000000.0000 1053.0000 1053.0000 3.0654 1053.0000 8 0.0000 0.0000 1053.0000 1053.0000 2 2 55.2677 1 1 44.7323 0 1.0000 0 1.0000 9693 1405660 0 1000000.0000 1110.0000 1110.0000 1.9284 1110.0000
9742 1406778 0 1000000.0000 1086.0000 1086.0000 1.9187 1086.0000 1 0.0000 0.0000 1086.0000 1086.0000 1 1 53.0103 2 2 46.9897 0 1.0000 0 1.0000 9743 1406779 0 1000000.0000 1068.0000 1068.0000 1.8655 1068.0000 1 0.0000 0.0000 1068.0000 1068.0000 1 1 50.7692 2 2 49.2308 0 1.0000 0 1.0000 9744 1406780 0 1000000.0000 1036.0000 1036.0000 1.6149 1036.0000 1 0.0000 0.0000 1036.0000 1036.0000 0 0 53.5316 1 1 46.4684 0 1.0000 0 1.0000 9745 1406781 0 1000000.0000 1004.0000 1004.0000 1.0838
1.0000 9794 1406844 0 1000000.0000 820.0000 820.0000 4.9402 820.0000 8 0.0000 0.0000 820.0000 820.0000 0 0 79.3814 2 2 20.6186 0 1.0000 0 1.0000 9795 1406845 0 1000000.0000 860.0000 860.0000 4.1156 860.0000 8 0.0000 0.0000 860.0000 860.0000 0 0 70.4607 1 1 29.5393 0 1.0000 0 1.0000 9796 1406846 0 1000000.0000 875.0000 875.0000 3.4988 875.0000 8 0.0000 0.0000 875.0000 875.0000 0 0 78.8030 1 1 21.1970 0 1.0000 0 1.0000 9797 1406847 0 1000000.0000 895.0000 895.0000
0 1.0000 9846 1407966 0 1000000.0000 1177.0000 1177.0000 6.2739 1177.0000 2 0.0000 0.0000 1177.0000 1177.0000 1 1 63.3448 2 2 36.6552 0 1.0000 0 1.0000 9847 1407967 0 1000000.0000 1177.0000 1177.0000 3.5332 1177.0000 4 2.6037 0.0000 1177.0000 1177.0000 1 1 71.3588 2 2 26.0374 0 1.0000 0 1.0000 9848 1407968 0 1000000.0000 1380.0000 1380.0000 7.8309 1380.0000 16 0.0000 0.0000 1380.0000 1380.0000 2 2 100.0000 1 1 0.0000 0 1.0000 0 1.0000 9849 1407969 0 1000000.0000 1540.0000
1.0000 0 1.0000 9898 1408035 0 1000000.0000 709.0000 709.0000 7.7836 709.0000 64 0.0000 0.0000 709.0000 709.0000 0 0 82.3009 2 2 17.6991 0 1.0000 0 1.0000 9899 1408036 0 1000000.0000 640.0000 640.0000 4.0794 640.0000 32 0.0000 0.0000 640.0000 640.0000 0 0 83.3333 2 2 16.6667 0 1.0000 0 1.0000 9900 1408037 0 1000000.0000 630.0000 630.0000 0.9575 630.0000 16 0.0000 0.0000 630.0000 630.0000 0 0 83.3333 2 2 16.6667 0 1.0000 0 1.0000 9901 1408038 0 1000000.0000
0 1.0000 0 1.0000 9950 1409157 0 1000000.0000 1520.0000 1520.0000 4.0140 1520.0000 16 0.0000 0.0000 1520.0000 1520.0000 2 2 100.0000 1 1 0.0000 0 1.0000 0 1.0000 9951 1409158 0 1000000.0000 1680.0000 1680.0000 2.8924 1680.0000 16 0.0000 0.0000 1680.0000 1680.0000 2 2 100.0000 1 1 0.0000 0 1.0000 0 1.0000 9952 1409159 0 1000000.0000 1740.0000 1740.0000 4.2118 1740.0000 128 0.0000 0.0000 1740.0000 1740.0000 2 2 100.0000 1 1 0.0000 0 1.0000 0 1.0000 9953 1409160 0
21.0526 0 1.0000 0 1.0000 10002 1409226 0 1000000.0000 560.0000 560.0000 12.7587 560.0000 8 0.0000 0.0000 560.0000 560.0000 0 0 83.0508 2 2 16.9492 0 1.0000 0 1.0000 10003 1409227 0 1000000.0000 873.0000 873.0000 8.3148 873.0000 16 3.3075 0.0000 873.0000 873.0000 0 0 80.0214 2 2 16.6711 0 1.0000 0 1.0000 10004 1409228 0 1000000.0000 1000.0000 1000.0000 4.6118 1000.0000 128 0.0000 0.0000 1000.0000 1000.0000 0 0 71.0145 2 2 28.9855 0 1.0000 0 1.0000 10005 1409229
1 0.0000 0 1.0000 0 1.0000 10054 1410349 0 1000000.0000 1440.0000 1440.0000 1.5701 1440.0000 64 0.0000 0.0000 1440.0000 1440.0000 2 2 100.0000 1 1 0.0000 0 1.0000 0 1.0000 10055 1410350 0 1000000.0000 1420.0000 1420.0000 2.0504 1420.0000 32 16.6667 0.0000 1420.0000 1420.0000 2 2 83.3333 1 1 0.0000 0 1.0000 0 1.0000 10056 1410351 0 1000000.0000 1450.0000 1450.0000 4.5938 1450.0000 4 13.0435 0.0000 1450.0000 1450.0000 2 2 86.9565 1 1 0.0000 0 1.0000 0 1.0000 10057
2 2 17.0940 0 1.0000 0 1.0000 10106 1410418 0 1000000.0000 240.0000 240.0000 9.5701 240.0000 64 15.2778 0.0000 240.0000 240.0000 0 0 56.9444 2 2 27.7778 0 1.0000 0 1.0000 10107 1410419 0 1000000.0000 181.0000 181.0000 0.1180 181.0000 4 0.0000 0.0000 181.0000 181.0000 2 2 95.2381 0 0 4.7619 0 1.0000 0 1.0000 10108 1410420 0 1000000.0000 260.0000 260.0000 13.3173 260.0000 16 0.0000 0.0000 260.0000 260.0000 2 2 66.6667 0 0 33.3333 0 1.0000 0 1.0000
100.0000 1 1 0.0000 0 1.0000 0 1.0000 10158 1411542 0 1000000.0000 1400.0000 1400.0000 2.9371 1400.0000 4 0.0000 0.0000 1400.0000 1400.0000 2 2 100.0000 1 1 0.0000 0 1.0000 0 1.0000 10159 1411543 0 1000000.0000 1420.0000 1420.0000 0.8674 1420.0000 8 0.0000 0.0000 1420.0000 1420.0000 2 2 100.0000 1 1 0.0000 0 1.0000 0 1.0000 10160 1411544 0 1000000.0000 1360.0000 1360.0000 1.3910 1360.0000 2 58.3333 0.0000 1360.0000 1360.0000 2 2 41.6667 1 1 0.0000 0 1.0000 0
2 86.9565 0 0 13.0435 0 1.0000 0 1.0000 10210 1411615 0 1000000.0000 260.0000 260.0000 12.3277 260.0000 16 5.2632 0.0000 260.0000 260.0000 2 2 52.6316 0 0 42.1053 0 1.0000 0 1.0000 10211 1411616 0 1000000.0000 580.0000 580.0000 17.5155 580.0000 16 0.0000 0.0000 580.0000 580.0000 0 0 80.7692 2 2 19.2308 0 1.0000 0 1.0000 10212 1411617 0 1000000.0000 900.0000 900.0000 8.5851 900.0000 8 23.5166 0.0000 900.0000 900.0000 0 0 58.9010 2 2 17.5824 0 1.0000
2 2 100.0000 1 1 0.0000 0 1.0000 0 1.0000 10262 1412739 0 1000000.0000 1414.0000 1414.0000 2.8499 1414.0000 2 18.1818 0.0000 1414.0000 1414.0000 2 2 72.7273 1 1 9.0909 0 1.0000 0 1.0000 10263 1412740 0 1000000.0000 1320.0000 1320.0000 3.3454 1320.0000 4 0.0000 0.0000 1320.0000 1320.0000 2 2 94.9555 1 1 5.0445 0 1.0000 0 1.0000 10264 1412741 0 1000000.0000 1310.0000 1310.0000 4.7256 1310.0000 4 0.0000 0.0000 1310.0000 1310.0000 2 2 100.0000 1 1 0.0000 0
850.0000 0 0 66.6667 2 2 33.3333 0 1.0000 0 1.0000 10314 1412816 0 1000000.0000 867.0000 867.0000 3.9136 867.0000 8 1.2549 0.0000 867.0000 867.0000 0 0 72.7595 2 2 25.9856 0 1.0000 0 1.0000 10315 1412817 0 1000000.0000 850.0000 850.0000 1.9235 850.0000 8 12.4179 0.0000 850.0000 850.0000 1 1 61.9260 0 0 25.6561 0 1.0000 0 1.0000 10316 1412818 0 1000000.0000 847.0000 847.0000 0.1596 847.0000 16 21.3829 0.0000 847.0000 847.0000 1 1 46.9572 0 0 31.6599
1026.0000 1026.0000 0 0 38.7707 2 2 17.2314 0 1.0000 0 1.0000 10366 1413947 0 1000000.0000 1019.0000 1019.0000 0.8585 1019.0000 128 52.1469 0.0000 1019.0000 1019.0000 0 0 28.7118 2 2 19.1412 0 1.0000 0 1.0000 10367 1413948 0 1000000.0000 1019.0000 1019.0000 0.1739 1019.0000 16 40.1044 0.0000 1019.0000 1019.0000 0 0 37.7120 2 2 22.1835 0 1.0000 0 1.0000 10368 1413949 0 1000000.0000 1019.0000 1019.0000 0.0106 1019.0000 1 82.2003 0.0000 1019.0000 1019.0000 2 2 16.9521 0 0
0.0000 1160.0000 1160.0000 2 2 62.5000 1 1 0.0000 0 1.0000 0 1.0000 10418 1415117 0 1000000.0000 1170.0000 1170.0000 6.3486 1170.0000 64 58.3333 0.0000 1170.0000 1170.0000 2 2 41.6667 1 1 0.0000 0 1.0000 0 1.0000 10419 1415118 0 1000000.0000 1058.0000 1058.0000 4.9535 1058.0000 64 71.8310 0.0000 1058.0000 1058.0000 2 2 28.1690 1 1 0.0000 0 1.0000 0 1.0000 10420 1415119 0 1000000.0000 1140.0000 1140.0000 2.4661 1140.0000 64 66.1017 0.0000 1140.0000 1140.0000 2 2 33.8983 1
0.0000 0.0000 840.0000 840.0000 0 0 57.4757 1 1 42.5243 0 1.0000 0 1.0000 10470 1415207 0 1000000.0000 916.0000 916.0000 2.9760 916.0000 16 0.0000 0.0000 916.0000 916.0000 0 0 83.0508 2 2 16.9492 0 1.0000 0 1.0000 10471 1415208 0 1000000.0000 960.0000 960.0000 2.6926 960.0000 64 0.0000 0.0000 960.0000 960.0000 0 0 78.9474 2 2 21.0526 0 1.0000 0 1.0000 10472 1415209 0 1000000.0000 960.0000 960.0000 2.9844 960.0000 64 3.4557 0.0000 960.0000 960.0000 0 0 68.9602
32 6.6390 0.0000 1095.0000 1095.0000 2 2 66.3900 1 1 26.9710 0 1.0000 0 1.0000 10522 1416351 0 1000000.0000 1120.0000 1120.0000 1.5081 1120.0000 32 0.0000 0.0000 1120.0000 1120.0000 2 2 80.6045 1 1 19.3955 0 1.0000 0 1.0000 10523 1416392 0 1000000.0000 940.0000 940.0000 4.0579 940.0000 1 0.0000 0.0000 940.0000 940.0000 0 0 80.7692 2 2 19.2308 0 1.0000 0 1.0000 10524 1416393 0 1000000.0000 780.0000 780.0000 13.5065 780.0000 128 0.0000 0.0000 780.0000 780.0000 0 0
1120.0000 32 0.0000 0.0000 1120.0000 1120.0000 2 2 82.6873 1 1 17.3127 0 1.0000 0 1.0000 10574 1417545 0 1000000.0000 1220.0000 1220.0000 4.3908 1220.0000 32 12.3393 0.0000 1220.0000 1220.0000 2 2 82.2622 1 1 5.3985 0 1.0000 0 1.0000 10575 1417546 0 1000000.0000 1160.0000 1160.0000 3.3000 1160.0000 64 0.0000 0.0000 1160.0000 1160.0000 2 2 76.3723 1 1 23.6277 0 1.0000 0 1.0000 10576 1417587 0 1000000.0000 980.0000 980.0000 2.9581 980.0000 1 0.0000 0.0000 980.0000 980.0000 0
