Dew_Losna_grid_grid_source_to_sink/dew_landscape.txt
ncols         1195
nrows         1550
xllcorner     -75000
yllcorner     6450000
cellsize      1000
NODATA_value  -9999
[rows 68 to 101 of 206, columns 836 to 911 of 1195]
0 1000000.0000 460.0000 460.0000 13.3626 460.0000 16 7.6923 0.0000 460.0000 460.0000 0 0 73.0769 2 2 19.2308 0 1.0000 0 1.0000 3570 1343429 0 1000000.0000 660.0000 660.0000 15.0835 660.0000 4 0.0000 0.0000 660.0000 660.0000 0 0 81.3084 2 2 18.6916 0 1.0000 0 1.0000 3571 1343430 0 1000000.0000 800.0000 800.0000 13.8178 800.0000 8 0.0000 0.0000 800.0000 800.0000 0 0 78.9474 2 2 21.0526 0 1.0000 0 1.0000 3572 1343431 0 1000000.0000 980.0000 980.0000 11.4529 980.0000 8
1344559 0 1000000.0000 1340.0000 1340.0000 13.1727 1340.0000 1 0.0000 0.0000 1340.0000 1340.0000 2 2 100.0000 1 1 0.0000 0 1.0000 0 1.0000 3622 1344560 0 1000000.0000 880.0000 880.0000 6.7212 880.0000 2 0.0000 0.0000 880.0000 880.0000 0 0 64.9123 2 2 35.0877 0 1.0000 0 1.0000 3623 1344561 0 1000000.0000 880.0000 880.0000 10.3934 880.0000 4 0.0000 0.0000 880.0000 880.0000 0 0 70.1493 2 2 29.8507 0 1.0000 0 1.0000 3624 1344562 0 1000000.0000 1080.0000 1080.0000 13.3488 1080.0000
3673 1344611 0 1000000.0000 363.0000 363.0000 12.4642 363.0000 16 30.5085 0.0000 363.0000 363.0000 0 0 52.5424 2 2 16.9492 0 1.0000 0 1.0000 3674 1344612 0 1000000.0000 550.0000 550.0000 13.2302 550.0000 4 0.9434 0.0000 550.0000 550.0000 0 0 80.1887 2 2 18.8679 0 1.0000 0 1.0000 3675 1344613 0 1000000.0000 362.0000 362.0000 8.0462 362.0000 1 0.0000 0.0000 362.0000 362.0000 0 0 63.6364 2 2 36.3636 0 1.0000 0 1.0000 3676 1344614 0 1000000.0000 380.0000 380.0000 0.9728
1.0000 3725 1344663 0 1000000.0000 1114.0000 1114.0000 1.8664 1114.0000 16 0.0000 0.0000 1114.0000 1114.0000 2 2 75.8294 1 1 24.1706 0 1.0000 0 1.0000 3726 1344664 0 1000000.0000 1160.0000 1160.0000 4.2505 1160.0000 16 0.0000 0.0000 1160.0000 1160.0000 2 2 89.1365 1 1 10.8635 0 1.0000 0 1.0000 3727 1344665 0 1000000.0000 1300.0000 1300.0000 5.1469 1300.0000 16 0.0000 0.0000 1300.0000 1300.0000 2 2 100.0000 1 1 0.0000 0 1.0000 0 1.0000 3728 1344666 0 1000000.0000 1400.0000 1400.0000
0 1.0000 3777 1345788 0 1000000.0000 880.0000 880.0000 6.7377 880.0000 128 0.0000 0.0000 880.0000 880.0000 0 0 77.0115 2 2 22.9885 0 1.0000 0 1.0000 3778 1345789 0 1000000.0000 1267.0000 1267.0000 18.8937 1267.0000 64 0.0000 0.0000 1267.0000 1267.0000 2 2 51.2821 0 0 48.7179 0 1.0000 0 1.0000 3779 1345790 0 1000000.0000 1385.0000 1385.0000 20.7809 1385.0000 64 0.0000 0.0000 1385.0000 1385.0000 2 2 95.2381 0 0 4.7619 0 1.0000 0 1.0000 3780 1345791 0 1000000.0000 1488.0000
1.0000 0 1.0000 3829 1345840 0 1000000.0000 440.0000 440.0000 12.2158 440.0000 16 0.0000 0.0000 440.0000 440.0000 0 0 78.9474 2 2 21.0526 0 1.0000 0 1.0000 3830 1345841 0 1000000.0000 620.0000 620.0000 16.6674 620.0000 16 0.0000 0.0000 620.0000 620.0000 0 0 81.9820 2 2 18.0180 0 1.0000 0 1.0000 3831 1345842 0 1000000.0000 920.0000 920.0000 14.6927 920.0000 8 0.0000 0.0000 920.0000 920.0000 0 0 66.1017 2 2 33.8983 0 1.0000 0 1.0000 3832 1345843 0 1000000.0000
0 1.0000 0 1.0000 3881 1346964 0 1000000.0000 1138.0000 1138.0000 1.5202 1138.0000 1 0.0000 0.0000 1138.0000 1138.0000 2 2 84.8806 1 1 15.1194 0 1.0000 0 1.0000 3882 1346965 0 1000000.0000 1180.0000 1180.0000 6.9877 1180.0000 128 0.0000 0.0000 1180.0000 1180.0000 2 2 100.0000 1 1 0.0000 0 1.0000 0 1.0000 3883 1346966 0 1000000.0000 1220.0000 1220.0000 11.3735 1220.0000 64 0.0000 0.0000 1220.0000 1220.0000 2 2 100.0000 1 1 0.0000 0 1.0000 0 1.0000 3884 1346967 0
30.3030 0 1.0000 0 1.0000 3933 1347016 0 1000000.0000 370.0000 370.0000 8.3481 370.0000 1 51.0638 0.0000 370.0000 370.0000 0 0 27.6596 2 2 21.2766 0 1.0000 0 1.0000 3934 1347017 0 1000000.0000 362.0000 362.0000 8.1439 362.0000 1 56.3025 0.0000 362.0000 362.0000 0 0 26.8908 2 2 16.8067 0 1.0000 0 1.0000 3935 1347018 0 1000000.0000 362.0000 362.0000 7.4502 362.0000 1 55.6522 0.0000 362.0000 362.0000 0 0 26.9565 2 2 17.3913 0 1.0000 0 1.0000 3936 1347019
1 0.0000 0 1.0000 0 1.0000 3985 1347068 0 1000000.0000 1680.0000 1680.0000 11.5221 1680.0000 4 0.0000 0.0000 1680.0000 1680.0000 2 2 100.0000 1 1 0.0000 0 1.0000 0 1.0000 3986 1347069 0 1000000.0000 1930.0000 1930.0000 9.0936 1930.0000 4 0.0000 0.0000 1930.0000 1930.0000 2 2 100.0000 1 1 0.0000 0 1.0000 0 1.0000 3987 1348140 0 1000000.0000 1240.0000 1240.0000 5.6904 1240.0000 1 0.0000 0.0000 1240.0000 1240.0000 2 2 100.0000 1 1 0.0000 0 1.0000 0 1.0000 3988
0 0 13.0435 0 1.0000 0 1.0000 4037 1348190 0 1000000.0000 980.0000 980.0000 24.2920 980.0000 4 0.0000 0.0000 980.0000 980.0000 0 0 73.3333 2 2 26.6667 0 1.0000 0 1.0000 4038 1348191 0 1000000.0000 793.0000 793.0000 23.7067 793.0000 4 0.0000 0.0000 793.0000 793.0000 0 0 78.2609 2 2 21.7391 0 1.0000 0 1.0000 4039 1348192 0 1000000.0000 630.0000 630.0000 20.2085 630.0000 4 0.0000 0.0000 630.0000 630.0000 0 0 71.0145 2 2 28.9855 0 1.0000 0 1.0000
83.3333 2 2 16.6667 0 1.0000 0 1.0000 4089 1348242 0 1000000.0000 1060.0000 1060.0000 16.2772 1060.0000 16 14.2222 0.0000 1060.0000 1060.0000 2 2 47.6543 0 0 38.1235 0 1.0000 0 1.0000 4090 1348243 0 1000000.0000 1068.0000 1068.0000 7.1754 1068.0000 8 22.6950 0.0000 1068.0000 1068.0000 2 2 75.6501 1 1 1.6548 0 1.0000 0 1.0000 4091 1348244 0 1000000.0000 1180.0000 1180.0000 3.3850 1180.0000 4 0.0000 0.0000 1180.0000 1180.0000 2 2 100.0000 1 1 0.0000 0 1.0000 0
2 74.0741 1 1 0.0000 0 1.0000 0 1.0000 4141 1349364 0 1000000.0000 1640.0000 1640.0000 17.7232 1640.0000 4 2.9412 38.2353 1640.0000 1640.0000 2 2 58.8235 1 1 0.0000 0 1.0000 0 1.0000 4142 1349365 0 1000000.0000 1610.0000 1610.0000 17.4505 1610.0000 4 0.0000 0.0000 1610.0000 1610.0000 2 2 100.0000 1 1 0.0000 0 1.0000 0 1.0000 4143 1349366 0 1000000.0000 1670.0000 1670.0000 17.5593 1670.0000 4 0.0000 25.9259 1670.0000 1670.0000 2 2 74.0741 1 1 0.0000 0 1.0000
0 0 58.3333 2 2 41.6667 0 1.0000 0 1.0000 4193 1349416 0 1000000.0000 1080.0000 1080.0000 4.7296 1080.0000 64 0.0000 0.0000 1080.0000 1080.0000 2 2 95.5224 1 1 4.4776 0 1.0000 0 1.0000 4194 1349417 0 1000000.0000 1000.0000 1000.0000 4.0467 1000.0000 64 0.0000 0.0000 1000.0000 1000.0000 0 0 76.7442 2 2 23.2558 0 1.0000 0 1.0000 4195 1349418 0 1000000.0000 950.0000 950.0000 4.5074 950.0000 128 0.0000 0.0000 950.0000 950.0000 0 0 77.7550 1 1 22.2450 0
1268.0000 2 2 40.8163 1 1 0.0000 0 1.0000 0 1.0000 4245 1350539 0 1000000.0000 1411.0000 1411.0000 6.5861 1411.0000 128 23.0769 0.0000 1411.0000 1411.0000 2 2 76.9231 1 1 0.0000 0 1.0000 0 1.0000 4246 1350540 0 1000000.0000 1390.0000 1390.0000 5.5350 1390.0000 64 4.7619 0.0000 1390.0000 1390.0000 2 2 95.2381 1 1 0.0000 0 1.0000 0 1.0000 4247 1350541 0 1000000.0000 1466.0000 1466.0000 5.3525 1466.0000 32 13.0435 0.0000 1466.0000 1466.0000 2 2 86.9565 1 1 0.0000
1180.0000 1180.0000 2 2 66.6667 0 0 33.3333 0 1.0000 0 1.0000 4297 1350591 0 1000000.0000 1220.0000 1220.0000 9.1519 1220.0000 32 0.0000 0.0000 1220.0000 1220.0000 2 2 94.1176 1 1 5.8824 0 1.0000 0 1.0000 4298 1350592 0 1000000.0000 1227.0000 1227.0000 8.4013 1227.0000 32 0.0000 0.0000 1227.0000 1227.0000 2 2 91.6905 1 1 8.3095 0 1.0000 0 1.0000 4299 1350593 0 1000000.0000 1300.0000 1300.0000 10.1258 1300.0000 32 0.0000 0.0000 1300.0000 1300.0000 2 2 100.0000 1 1
0.0000 1140.0000 1140.0000 1 1 50.0780 2 2 49.9220 0 1.0000 0 1.0000 4349 1350643 0 1000000.0000 1090.0000 1090.0000 1.5639 1090.0000 2 0.0000 0.0000 1090.0000 1090.0000 1 1 52.1674 2 2 47.8326 0 1.0000 0 1.0000 4350 1350644 0 1000000.0000 1090.0000 1090.0000 3.8381 1090.0000 4 0.0000 0.0000 1090.0000 1090.0000 1 1 56.6396 2 2 43.3604 0 1.0000 0 1.0000 4351 1350645 0 1000000.0000 1130.0000 1130.0000 6.1019 1130.0000 4 0.0000 0.0000 1130.0000 1130.0000 2 2 87.1935 1
0.0000 0.0000 1380.0000 1380.0000 2 2 100.0000 1 1 0.0000 0 1.0000 0 1.0000 4401 1351770 0 1000000.0000 1333.0000 1333.0000 5.3948 1333.0000 4 0.0000 0.0000 1333.0000 1333.0000 2 2 68.3761 1 1 31.6239 0 1.0000 0 1.0000 4402 1351771 0 1000000.0000 1407.0000 1407.0000 4.0645 1407.0000 2 0.0000 0.0000 1407.0000 1407.0000 2 2 93.0233 1 1 6.9767 0 1.0000 0 1.0000 4403 1351772 0 1000000.0000 1373.0000 1373.0000 10.2199 1373.0000 2 0.0000 0.0000 1373.0000 1373.0000 2 2 100.0000
128 5.1641 0.0000 860.0000 860.0000 0 0 77.2737 2 2 17.5622 0 1.0000 0 1.0000 4453 1351822 0 1000000.0000 953.0000 953.0000 6.3433 953.0000 64 0.0000 0.0000 953.0000 953.0000 0 0 79.5918 2 2 20.4082 0 1.0000 0 1.0000 4454 1351823 0 1000000.0000 780.0000 780.0000 9.4595 780.0000 64 0.0000 0.0000 780.0000 780.0000 0 0 83.1933 2 2 16.8067 0 1.0000 0 1.0000 4455 1351824 0 1000000.0000 608.0000 608.0000 8.3983 608.0000 64 0.0000 0.0000 608.0000 608.0000 0 0
1760.0000 64 0.0000 64.9123 1760.0000 1760.0000 2 2 35.0877 1 1 0.0000 0 1.0000 0 1.0000 4505 1352954 0 1000000.0000 1767.0000 1767.0000 8.0110 1767.0000 32 0.0000 66.6667 1767.0000 1767.0000 2 2 33.3333 1 1 0.0000 0 1.0000 0 1.0000 4506 1352955 0 1000000.0000 1770.0000 1770.0000 4.0342 1770.0000 32 0.0000 45.9459 1770.0000 1770.0000 2 2 54.0541 1 1 0.0000 0 1.0000 0 1.0000 4507 1352956 0 1000000.0000 1860.0000 1860.0000 7.1349 1860.0000 4 0.0000 16.6667 1860.0000 1860.0000 2
6.5142 888.0000 4 0.0000 0.0000 888.0000 888.0000 0 0 67.2131 2 2 32.7869 0 1.0000 0 1.0000 4557 1353006 0 1000000.0000 940.0000 940.0000 8.3480 940.0000 4 0.0000 0.0000 940.0000 940.0000 2 2 67.0860 1 1 32.9140 0 1.0000 0 1.0000 4558 1353007 0 1000000.0000 1040.0000 1040.0000 8.8480 1040.0000 4 0.0000 0.0000 1040.0000 1040.0000 2 2 77.2947 1 1 22.7053 0 1.0000 0 1.0000 4559 1353008 0 1000000.0000 1110.0000 1110.0000 7.1965 1110.0000 4 0.0000 0.0000 1110.0000 1110.0000
1850.0000 8.4567 1850.0000 32 0.0000 67.7419 1850.0000 1850.0000 2 2 32.2581 1 1 0.0000 0 1.0000 0 1.0000 4609 1354148 0 1000000.0000 1820.0000 1820.0000 6.6989 1820.0000 64 0.0000 70.5882 1820.0000 1820.0000 2 2 29.4118 1 1 0.0000 0 1.0000 0 1.0000 4610 1354149 0 1000000.0000 1825.0000 1825.0000 4.2417 1825.0000 64 0.0000 41.1765 1825.0000 1825.0000 2 2 58.8235 1 1 0.0000 0 1.0000 0 1.0000 4611 1354150 0 1000000.0000 1780.0000 1780.0000 3.3091 1780.0000 1 0.0000 76.7442 1780.0000
776.0000 776.0000 0.3405 776.0000 2 51.3238 0.0000 776.0000 776.0000 0 0 31.2918 2 2 17.3843 0 1.0000 0 1.0000 4661 1354200 0 1000000.0000 840.0000 840.0000 3.0945 840.0000 16 21.1193 0.0000 840.0000 840.0000 0 0 60.9532 2 2 17.9274 0 1.0000 0 1.0000 4662 1354201 0 1000000.0000 820.0000 820.0000 5.4614 820.0000 4 1.7544 0.0000 820.0000 820.0000 0 0 79.7087 2 2 18.5369 0 1.0000 0 1.0000 4663 1354202 0 1000000.0000 840.0000 840.0000 7.6234 840.0000 4 0.0000 0.0000
1000000.0000 1940.0000 1940.0000 4.2702 1940.0000 2 0.0000 71.8310 1940.0000 1940.0000 2 2 28.1690 1 1 0.0000 0 1.0000 0 1.0000 4713 1355345 0 1000000.0000 1787.0000 1787.0000 7.0694 1787.0000 2 0.0000 66.6667 1787.0000 1787.0000 2 2 33.3333 1 1 0.0000 0 1.0000 0 1.0000 4714 1355346 0 1000000.0000 1660.0000 1660.0000 8.0785 1660.0000 1 0.0000 55.5556 1660.0000 1660.0000 2 2 44.4444 1 1 0.0000 0 1.0000 0 1.0000 4715 1355347 0 1000000.0000 1470.0000 1470.0000 7.0587 1470.0000 2 3.8462
0 1000000.0000 776.0000 776.0000 2.0333 776.0000 1 45.0000 0.0000 776.0000 776.0000 0 0 38.3333 2 2 16.6667 0 1.0000 0 1.0000 4765 1355397 0 1000000.0000 754.0000 754.0000 0.5403 754.0000 1 12.5000 0.0000 754.0000 754.0000 0 0 69.6429 2 2 17.8571 0 1.0000 0 1.0000 4766 1355398 0 1000000.0000 770.0000 770.0000 3.6137 770.0000 2 23.8636 0.0000 770.0000 770.0000 0 0 53.4091 2 2 22.7273 0 1.0000 0 1.0000 4767 1355399 0 1000000.0000 850.0000 850.0000 5.8486 850.0000 4
1356541 0 1000000.0000 1510.0000 1510.0000 9.9192 1510.0000 2 0.0000 0.0000 1510.0000 1510.0000 2 2 100.0000 1 1 0.0000 0 1.0000 0 1.0000 4817 1356542 0 1000000.0000 1410.0000 1410.0000 8.4116 1410.0000 2 0.0000 0.0000 1410.0000 1410.0000 2 2 100.0000 1 1 0.0000 0 1.0000 0 1.0000 4818 1356543 0 1000000.0000 1310.0000 1310.0000 6.5692 1310.0000 4 0.0000 0.0000 1310.0000 1310.0000 2 2 100.0000 1 1 0.0000 0 1.0000 0 1.0000 4819 1356544 0 1000000.0000 1300.0000 1300.0000 5.7585 1300.0000
4868 1356593 0 1000000.0000 806.0000 806.0000 2.4796 806.0000 1 5.3121 0.0000 806.0000 806.0000 0 0 72.6675 2 2 22.0204 0 1.0000 0 1.0000 4869 1356594 0 1000000.0000 730.0000 730.0000 1.4142 730.0000 1 0.0000 0.0000 730.0000 730.0000 0 0 81.4815 2 2 18.5185 0 1.0000 0 1.0000 4870 1356595 0 1000000.0000 694.0000 694.0000 0.8948 694.0000 2 32.6019 0.0000 694.0000 694.0000 0 0 49.6618 2 2 17.7363 0 1.0000 0 1.0000 4871 1356596 0 1000000.0000 760.0000 760.0000 6.9942
1.0000 4920 1357741 0 1000000.0000 1267.0000 1267.0000 10.9072 1267.0000 8 0.0000 0.0000 1267.0000 1267.0000 2 2 100.0000 1 1 0.0000 0 1.0000 0 1.0000 4921 1357742 0 1000000.0000 1240.0000 1240.0000 8.6769 1240.0000 2 0.0000 0.0000 1240.0000 1240.0000 2 2 91.4286 1 1 8.5714 0 1.0000 0 1.0000 4922 1357743 0 1000000.0000 1200.0000 1200.0000 9.6710 1200.0000 2 0.0000 0.0000 1200.0000 1200.0000 2 2 97.8593 1 1 2.1407 0 1.0000 0 1.0000 4923 1357744 0 1000000.0000 1160.0000 1160.0000
0 1.0000 4972 1357793 0 1000000.0000 1100.0000 1100.0000 1.6717 1100.0000 128 8.6022 0.0000 1100.0000 1100.0000 2 2 86.0215 1 1 5.3763 0 1.0000 0 1.0000 4973 1357794 0 1000000.0000 1060.0000 1060.0000 11.1464 1060.0000 64 0.0000 0.0000 1060.0000 1060.0000 0 0 62.9630 2 2 37.0370 0 1.0000 0 1.0000 4974 1357795 0 1000000.0000 940.0000 940.0000 15.1463 940.0000 64 0.0000 0.0000 940.0000 940.0000 0 0 75.9036 2 2 24.0964 0 1.0000 0 1.0000 4975 1357796 0 1000000.0000 686.0000
1.0000 0 1.0000 5024 1358938 0 1000000.0000 1100.0000 1100.0000 16.1219 1100.0000 4 0.0000 0.0000 1100.0000 1100.0000 0 0 60.0000 2 2 40.0000 0 1.0000 0 1.0000 5025 1358939 0 1000000.0000 800.0000 800.0000 14.1168 800.0000 4 0.0000 0.0000 800.0000 800.0000 0 0 78.2609 2 2 21.7391 0 1.0000 0 1.0000 5026 1358940 0 1000000.0000 540.0000 540.0000 1.0441 540.0000 128 0.0000 0.0000 540.0000 540.0000 0 0 80.0000 2 2 20.0000 0 1.0000 0 1.0000 5027 1358941 0 1000000.0000
0 1.0000 0 1.0000 5076 1358990 0 1000000.0000 1040.0000 1040.0000 3.5611 1040.0000 128 0.0000 0.0000 1040.0000 1040.0000 2 2 68.9655 0 0 31.0345 0 1.0000 0 1.0000 5077 1358991 0 1000000.0000 920.0000 920.0000 10.6058 920.0000 128 0.0000 0.0000 920.0000 920.0000 0 0 81.4815 2 2 18.5185 0 1.0000 0 1.0000 5078 1358992 0 1000000.0000 760.0000 760.0000 16.2112 760.0000 64 0.0000 0.0000 760.0000 760.0000 0 0 83.3333 2 2 16.6667 0 1.0000 0 1.0000 5079 1358993 0
19.2308 0 1.0000 0 1.0000 5128 1360133 0 1000000.0000 660.0000 660.0000 10.8516 660.0000 1 0.0000 0.0000 660.0000 660.0000 0 0 64.2857 2 2 35.7143 0 1.0000 0 1.0000 5129 1360134 0 1000000.0000 620.0000 620.0000 2.8431 620.0000 128 0.0000 0.0000 620.0000 620.0000 0 0 74.6835 2 2 25.3165 0 1.0000 0 1.0000 5130 1360135 0 1000000.0000 712.0000 712.0000 9.3564 712.0000 16 0.0000 0.0000 712.0000 712.0000 0 0 80.3922 2 2 19.6078 0 1.0000 0 1.0000 5131 1360136
2 17.2414 0 1.0000 0 1.0000 5180 1360185 0 1000000.0000 927.0000 927.0000 9.1111 927.0000 8 0.0000 0.0000 927.0000 927.0000 0 0 79.5918 2 2 20.4082 0 1.0000 0 1.0000 5181 1360186 0 1000000.0000 913.0000 913.0000 2.2087 913.0000 8 0.0000 0.0000 913.0000 913.0000 0 0 71.8310 2 2 28.1690 0 1.0000 0 1.0000 5182 1360187 0 1000000.0000 1060.0000 1060.0000 7.9248 1060.0000 128 0.0000 0.0000 1060.0000 1060.0000 0 0 51.2195 2 2 48.7805 0 1.0000 0 1.0000 5183
2 2 35.7143 0 1.0000 0 1.0000 5232 1361325 0 1000000.0000 1040.0000 1040.0000 6.8518 1040.0000 1 0.0000 0.0000 1040.0000 1040.0000 0 0 81.8182 2 2 18.1818 0 1.0000 0 1.0000 5233 1361326 0 1000000.0000 688.0000 688.0000 4.2143 688.0000 1 0.0000 0.0000 688.0000 688.0000 0 0 75.9036 2 2 24.0964 0 1.0000 0 1.0000 5234 1361327 0 1000000.0000 606.0000 606.0000 2.0296 606.0000 1 0.0000 0.0000 606.0000 606.0000 0 0 76.7442 2 2 23.2558 0 1.0000 0 1.0000
74.0260 2 2 25.9740 0 1.0000 0 1.0000 5284 1361377 0 1000000.0000 620.0000 620.0000 4.4030 620.0000 1 0.0000 0.0000 620.0000 620.0000 0 0 75.0000 2 2 25.0000 0 1.0000 0 1.0000 5285 1361378 0 1000000.0000 480.0000 480.0000 4.3926 480.0000 2 0.0000 0.0000 480.0000 480.0000 0 0 68.7500 2 2 31.2500 0 1.0000 0 1.0000 5286 1361379 0 1000000.0000 480.0000 480.0000 9.7496 480.0000 16 0.0000 0.0000 480.0000 480.0000 0 0 71.0145 2 2 28.9855 0 1.0000 0
