Dew_Losna_grid_grid_source_to_sink/dew_landscape.txt
ncols         1195
nrows         1550
xllcorner     -75000
yllcorner     6450000
cellsize      1000
NODATA_value  -9999
[rows 34 to 67 of 206, columns 836 to 911 of 1195]
2 2 73.0594 1 1 23.2877 0 1.0000 0 1.0000 1803 1324320 0 1000000.0000 1240.0000 1240.0000 2.5098 1240.0000 64 0.0000 0.0000 1240.0000 1240.0000 2 2 91.6905 1 1 8.3095 0 1.0000 0 1.0000 1804 1324321 0 1000000.0000 1260.0000 1260.0000 3.9982 1260.0000 64 0.0000 0.0000 1260.0000 1260.0000 2 2 82.4742 1 1 17.5258 0 1.0000 0 1.0000 1805 1324322 0 1000000.0000 1240.0000 1240.0000 4.8037 1240.0000 64 0.0000 0.0000 1240.0000 1240.0000 2 2 100.0000 1 1 0.0000 0
980.0000 2 2 97.2644 1 1 2.7356 0 1.0000 0 1.0000 1855 1325461 0 1000000.0000 1100.0000 1100.0000 8.8242 1100.0000 4 0.0000 0.0000 1100.0000 1100.0000 2 2 100.0000 1 1 0.0000 0 1.0000 0 1.0000 1856 1325462 0 1000000.0000 1160.0000 1160.0000 7.7429 1160.0000 8 0.0000 0.0000 1160.0000 1160.0000 2 2 100.0000 1 1 0.0000 0 1.0000 0 1.0000 1857 1325463 0 1000000.0000 1220.0000 1220.0000 6.1240 1220.0000 8 0.0000 0.0000 1220.0000 1220.0000 2 2 100.0000 1 1 0.0000
1340.0000 1340.0000 2 2 100.0000 1 1 0.0000 0 1.0000 0 1.0000 1907 1325513 0 1000000.0000 1180.0000 1180.0000 6.0894 1180.0000 4 0.0000 0.0000 1180.0000 1180.0000 2 2 96.6767 1 1 3.3233 0 1.0000 0 1.0000 1908 1325514 0 1000000.0000 1140.0000 1140.0000 2.6755 1140.0000 4 3.8647 0.0000 1140.0000 1140.0000 2 2 77.2947 1 1 18.8406 0 1.0000 0 1.0000 1909 1325515 0 1000000.0000 1255.0000 1255.0000 3.6536 1255.0000 8 4.6512 0.0000 1255.0000 1255.0000 2 2 93.0233 1 1
0.0000 700.0000 700.0000 0 0 80.3419 2 2 17.0940 0 1.0000 0 1.0000 1959 1326655 0 1000000.0000 792.0000 792.0000 12.3728 792.0000 4 0.0000 0.0000 792.0000 792.0000 0 0 78.9474 2 2 21.0526 0 1.0000 0 1.0000 1960 1326656 0 1000000.0000 870.0000 870.0000 13.3854 870.0000 4 0.0000 0.0000 870.0000 870.0000 0 0 74.0260 2 2 25.9740 0 1.0000 0 1.0000 1961 1326657 0 1000000.0000 1040.0000 1040.0000 13.4136 1040.0000 4 0.0000 0.0000 1040.0000 1040.0000 0 0 52.3810 2
0.0000 0.0000 1180.0000 1180.0000 2 2 96.0961 1 1 3.9039 0 1.0000 0 1.0000 2011 1326707 0 1000000.0000 1260.0000 1260.0000 4.2443 1260.0000 1 0.0000 0.0000 1260.0000 1260.0000 2 2 100.0000 1 1 0.0000 0 1.0000 0 1.0000 2012 1326708 0 1000000.0000 1120.0000 1120.0000 4.6553 1120.0000 2 0.0000 0.0000 1120.0000 1120.0000 2 2 87.6712 1 1 12.3288 0 1.0000 0 1.0000 2013 1326709 0 1000000.0000 1100.0000 1100.0000 3.1527 1100.0000 4 0.0000 0.0000 1100.0000 1100.0000 2 2 87.9121
1 0.0000 0.0000 840.0000 840.0000 0 0 83.3333 2 2 16.6667 0 1.0000 0 1.0000 2063 1327846 0 1000000.0000 670.0000 670.0000 4.8567 670.0000 1 0.0000 0.0000 670.0000 670.0000 0 0 83.3333 2 2 16.6667 0 1.0000 0 1.0000 2064 1327847 0 1000000.0000 620.0000 620.0000 7.4716 620.0000 1 0.0000 0.0000 620.0000 620.0000 0 0 82.6087 2 2 17.3913 0 1.0000 0 1.0000 2065 1327848 0 1000000.0000 600.0000 600.0000 8.6137 600.0000 1 9.3468 0.0000 600.0000 600.0000 0 0
1696.0000 4 0.0000 0.0000 1696.0000 1696.0000 2 2 100.0000 1 1 0.0000 0 1.0000 0 1.0000 2115 1327898 0 1000000.0000 1640.0000 1640.0000 4.9786 1640.0000 1 0.0000 0.0000 1640.0000 1640.0000 2 2 100.0000 1 1 0.0000 0 1.0000 0 1.0000 2116 1327899 0 1000000.0000 1516.0000 1516.0000 8.0331 1516.0000 1 0.0000 0.0000 1516.0000 1516.0000 2 2 100.0000 1 1 0.0000 0 1.0000 0 1.0000 2117 1327900 0 1000000.0000 1340.0000 1340.0000 6.3993 1340.0000 128 0.0000 0.0000 1340.0000 1340.0000 2
8.2323 1440.0000 4 0.0000 0.0000 1440.0000 1440.0000 2 2 100.0000 1 1 0.0000 0 1.0000 0 1.0000 2167 1329036 0 1000000.0000 1433.0000 1433.0000 9.5929 1433.0000 2 0.0000 0.0000 1433.0000 1433.0000 2 2 100.0000 1 1 0.0000 0 1.0000 0 1.0000 2168 1329037 0 1000000.0000 1380.0000 1380.0000 12.3341 1380.0000 4 0.0000 0.0000 1380.0000 1380.0000 2 2 100.0000 1 1 0.0000 0 1.0000 0 1.0000 2169 1329038 0 1000000.0000 1260.0000 1260.0000 14.3865 1260.0000 4 0.0000 0.0000 1260.0000 1260.0000
1620.0000 4.9806 1620.0000 8 0.0000 0.0000 1620.0000 1620.0000 2 2 100.0000 1 1 0.0000 0 1.0000 0 1.0000 2219 1329088 0 1000000.0000 1597.0000 1597.0000 3.5321 1597.0000 8 0.0000 0.0000 1597.0000 1597.0000 2 2 100.0000 1 1 0.0000 0 1.0000 0 1.0000 2220 1329089 0 1000000.0000 1595.0000 1595.0000 2.4732 1595.0000 1 0.0000 0.0000 1595.0000 1595.0000 2 2 100.0000 1 1 0.0000 0 1.0000 0 1.0000 2221 1329090 0 1000000.0000 1587.0000 1587.0000 2.1585 1587.0000 2 0.0000 0.0000 1587.0000
1260.0000 1260.0000 18.1934 1260.0000 4 0.0000 0.0000 1260.0000 1260.0000 2 2 100.0000 1 1 0.0000 0 1.0000 0 1.0000 2271 1330226 0 1000000.0000 1280.0000 1280.0000 17.6242 1280.0000 4 0.0000 0.0000 1280.0000 1280.0000 2 2 100.0000 1 1 0.0000 0 1.0000 0 1.0000 2272 1330227 0 1000000.0000 1140.0000 1140.0000 16.0070 1140.0000 4 0.0000 0.0000 1140.0000 1140.0000 2 2 51.2821 0 0 48.7179 0 1.0000 0 1.0000 2273 1330228 0 1000000.0000 1190.0000 1190.0000 15.5540 1190.0000 4 0.0000 0.0000
1000000.0000 1468.0000 1468.0000 3.6952 1468.0000 16 0.0000 0.0000 1468.0000 1468.0000 2 2 100.0000 1 1 0.0000 0 1.0000 0 1.0000 2323 1330278 0 1000000.0000 1480.0000 1480.0000 3.9935 1480.0000 4 0.0000 0.0000 1480.0000 1480.0000 2 2 100.0000 1 1 0.0000 0 1.0000 0 1.0000 2324 1330279 0 1000000.0000 1507.0000 1507.0000 4.1374 1507.0000 4 0.0000 0.0000 1507.0000 1507.0000 2 2 100.0000 1 1 0.0000 0 1.0000 0 1.0000 2325 1330280 0 1000000.0000 1500.0000 1500.0000 3.5559 1500.0000 8 0.0000
0 1000000.0000 1020.0000 1020.0000 9.3291 1020.0000 1 48.7179 0.0000 1020.0000 1020.0000 2 2 51.2821 1 1 0.0000 0 1.0000 0 1.0000 2375 1331416 0 1000000.0000 913.0000 913.0000 4.1654 913.0000 1 25.1969 0.0000 913.0000 913.0000 0 0 46.5755 2 2 28.2276 0 1.0000 0 1.0000 2376 1331417 0 1000000.0000 913.0000 913.0000 2.6204 913.0000 1 42.0561 0.0000 913.0000 913.0000 0 0 39.2523 2 2 18.6916 0 1.0000 0 1.0000 2377 1331418 0 1000000.0000 913.0000 913.0000 2.5246 913.0000 1
1331467 0 1000000.0000 1364.0000 1364.0000 3.0146 1364.0000 64 72.2222 0.0000 1364.0000 1364.0000 2 2 27.7778 1 1 0.0000 0 1.0000 0 1.0000 2427 1331468 0 1000000.0000 1369.0000 1369.0000 0.4943 1369.0000 2 64.8188 0.0000 1369.0000 1369.0000 2 2 34.1151 1 1 1.0661 0 1.0000 0 1.0000 2428 1331469 0 1000000.0000 1380.0000 1380.0000 1.1416 1380.0000 2 0.0000 0.0000 1380.0000 1380.0000 2 2 94.9555 1 1 5.0445 0 1.0000 0 1.0000 2429 1331470 0 1000000.0000 1423.0000 1423.0000 2.4624 1423.0000
2478 1332603 0 1000000.0000 1640.0000 1640.0000 16.3465 1640.0000 64 0.0000 62.9630 1640.0000 1640.0000 2 2 37.0370 1 1 0.0000 0 1.0000 0 1.0000 2479 1332604 0 1000000.0000 1600.0000 1600.0000 14.2158 1600.0000 64 0.0000 68.7500 1600.0000 1600.0000 2 2 31.2500 1 1 0.0000 0 1.0000 0 1.0000 2480 1332605 0 1000000.0000 1440.0000 1440.0000 12.7808 1440.0000 64 0.0000 13.0435 1440.0000 1440.0000 2 2 86.9565 1 1 0.0000 0 1.0000 0 1.0000 2481 1332606 0 1000000.0000 1140.0000 1140.0000 6.3860
1.0000 2530 1332655 0 1000000.0000 1800.0000 1800.0000 4.1612 1800.0000 8 0.0000 0.0000 1800.0000 1800.0000 2 2 100.0000 1 1 0.0000 0 1.0000 0 1.0000 2531 1332656 0 1000000.0000 1760.0000 1760.0000 2.0706 1760.0000 2 0.0000 0.0000 1760.0000 1760.0000 2 2 100.0000 1 1 0.0000 0 1.0000 0 1.0000 2532 1332657 0 1000000.0000 1640.0000 1640.0000 3.5829 1640.0000 4 0.0000 0.0000 1640.0000 1640.0000 2 2 100.0000 1 1 0.0000 0 1.0000 0 1.0000 2533 1332658 0 1000000.0000 1720.0000 1720.0000
0 1.0000 2582 1332707 0 1000000.0000 1064.0000 1064.0000 2.2403 1064.0000 32 47.2050 0.0000 1064.0000 1064.0000 2 2 49.6894 1 1 3.1056 0 1.0000 0 1.0000 2583 1332708 0 1000000.0000 1120.0000 1120.0000 2.2395 1120.0000 16 0.0000 0.0000 1120.0000 1120.0000 2 2 86.9565 1 1 13.0435 0 1.0000 0 1.0000 2584 1332709 0 1000000.0000 1160.0000 1160.0000 2.4802 1160.0000 16 0.0000 0.0000 1160.0000 1160.0000 2 2 99.0712 1 1 0.9288 0 1.0000 0 1.0000 2585 1332710 0 1000000.0000 1210.0000
1.0000 0 1.0000 2634 1333839 0 1000000.0000 940.0000 940.0000 14.4552 940.0000 4 0.0000 0.0000 940.0000 940.0000 0 0 74.6835 2 2 25.3165 0 1.0000 0 1.0000 2635 1333840 0 1000000.0000 1060.0000 1060.0000 10.8360 1060.0000 8 0.0000 0.0000 1060.0000 1060.0000 2 2 74.0741 0 0 25.9259 0 1.0000 0 1.0000 2636 1333841 0 1000000.0000 1160.0000 1160.0000 6.2846 1160.0000 8 4.7619 0.0000 1160.0000 1160.0000 2 2 95.2381 1 1 0.0000 0 1.0000 0 1.0000 2637 1333842 0 1000000.0000
0 1.0000 0 1.0000 2686 1333891 0 1000000.0000 1100.0000 1100.0000 4.1106 1100.0000 128 0.0000 0.0000 1100.0000 1100.0000 2 2 77.1084 1 1 22.8916 0 1.0000 0 1.0000 2687 1333892 0 1000000.0000 940.0000 940.0000 14.3558 940.0000 1 0.0000 0.0000 940.0000 940.0000 0 0 76.4706 2 2 23.5294 0 1.0000 0 1.0000 2688 1333893 0 1000000.0000 491.0000 491.0000 9.9844 491.0000 2 0.0000 0.0000 491.0000 491.0000 0 0 75.0000 2 2 25.0000 0 1.0000 0 1.0000 2689 1333894 0
18.8679 0 1.0000 0 1.0000 2738 1335025 0 1000000.0000 560.0000 560.0000 10.1067 560.0000 64 0.0000 0.0000 560.0000 560.0000 0 0 83.3333 2 2 16.6667 0 1.0000 0 1.0000 2739 1335026 0 1000000.0000 540.0000 540.0000 10.6702 540.0000 64 0.0000 0.0000 540.0000 540.0000 0 0 83.3333 2 2 16.6667 0 1.0000 0 1.0000 2740 1335027 0 1000000.0000 550.0000 550.0000 10.4460 550.0000 64 0.0000 0.0000 550.0000 550.0000 0 0 82.7586 2 2 17.2414 0 1.0000 0 1.0000 2741 1335028
1 3.6145 0 1.0000 0 1.0000 2790 1335077 0 1000000.0000 1190.0000 1190.0000 5.6734 1190.0000 64 0.0000 0.0000 1190.0000 1190.0000 2 2 78.8177 1 1 21.1823 0 1.0000 0 1.0000 2791 1335078 0 1000000.0000 1080.0000 1080.0000 4.7063 1080.0000 64 0.0000 0.0000 1080.0000 1080.0000 0 0 66.6667 2 2 33.3333 0 1.0000 0 1.0000 2792 1335079 0 1000000.0000 1138.0000 1138.0000 3.8492 1138.0000 32 6.2317 0.0000 1138.0000 1138.0000 0 0 61.9824 2 2 31.7858 0 1.0000 0 1.0000 2793
1 1 0.0000 0 1.0000 0 1.0000 2842 1336215 0 1000000.0000 1380.0000 1380.0000 9.5140 1380.0000 64 0.0000 0.0000 1380.0000 1380.0000 2 2 93.5673 1 1 6.4327 0 1.0000 0 1.0000 2843 1336216 0 1000000.0000 1360.0000 1360.0000 10.6075 1360.0000 64 0.0000 0.0000 1360.0000 1360.0000 2 2 100.0000 1 1 0.0000 0 1.0000 0 1.0000 2844 1336217 0 1000000.0000 1255.0000 1255.0000 13.9918 1255.0000 1 0.0000 0.0000 1255.0000 1255.0000 2 2 100.0000 1 1 0.0000 0 1.0000 0 1.0000
69.2308 2 2 30.7692 0 1.0000 0 1.0000 2894 1336267 0 1000000.0000 880.0000 880.0000 6.2748 880.0000 4 0.0000 0.0000 880.0000 880.0000 2 2 95.2381 0 0 4.7619 0 1.0000 0 1.0000 2895 1336268 0 1000000.0000 840.0000 840.0000 8.0410 840.0000 4 0.0000 0.0000 840.0000 840.0000 2 2 74.0741 0 0 25.9259 0 1.0000 0 1.0000 2896 1336269 0 1000000.0000 740.0000 740.0000 4.8840 740.0000 4 0.0000 0.0000 740.0000 740.0000 0 0 72.9730 2 2 27.0270 0 1.0000 0
2 95.2381 1 1 0.0000 0 1.0000 0 1.0000 2946 1337404 0 1000000.0000 1290.0000 1290.0000 9.9153 1290.0000 64 4.7619 0.0000 1290.0000 1290.0000 2 2 95.2381 1 1 0.0000 0 1.0000 0 1.0000 2947 1337405 0 1000000.0000 1360.0000 1360.0000 10.4384 1360.0000 64 0.0000 0.0000 1360.0000 1360.0000 2 2 100.0000 1 1 0.0000 0 1.0000 0 1.0000 2948 1337406 0 1000000.0000 1440.0000 1440.0000 7.7082 1440.0000 32 0.0000 0.0000 1440.0000 1440.0000 2 2 100.0000 1 1 0.0000 0 1.0000
2 2 100.0000 1 1 0.0000 0 1.0000 0 1.0000 2998 1337456 0 1000000.0000 1380.0000 1380.0000 12.6558 1380.0000 64 0.0000 0.0000 1380.0000 1380.0000 2 2 100.0000 1 1 0.0000 0 1.0000 0 1.0000 2999 1337457 0 1000000.0000 1200.0000 1200.0000 13.2109 1200.0000 64 0.0000 0.0000 1200.0000 1200.0000 2 2 100.0000 1 1 0.0000 0 1.0000 0 1.0000 3000 1337458 0 1000000.0000 1206.0000 1206.0000 13.0840 1206.0000 64 0.0000 0.0000 1206.0000 1206.0000 2 2 100.0000 1 1 0.0000 0
1380.0000 2 2 50.0000 1 1 0.0000 0 1.0000 0 1.0000 3050 1338591 0 1000000.0000 1460.0000 1460.0000 5.4440 1460.0000 2 16.6667 0.0000 1460.0000 1460.0000 2 2 83.3333 1 1 0.0000 0 1.0000 0 1.0000 3051 1338592 0 1000000.0000 1380.0000 1380.0000 13.1161 1380.0000 1 0.0000 0.0000 1380.0000 1380.0000 2 2 100.0000 1 1 0.0000 0 1.0000 0 1.0000 3052 1338593 0 1000000.0000 938.0000 938.0000 14.3544 938.0000 4 1.3889 0.0000 938.0000 938.0000 0 0 70.8333 2 2 27.7778
1100.0000 1100.0000 0 0 51.2195 2 2 48.7805 0 1.0000 0 1.0000 3102 1338643 0 1000000.0000 1080.0000 1080.0000 4.6211 1080.0000 64 0.0000 0.0000 1080.0000 1080.0000 2 2 86.7209 1 1 13.2791 0 1.0000 0 1.0000 3103 1338644 0 1000000.0000 1200.0000 1200.0000 4.9933 1200.0000 32 0.0000 0.0000 1200.0000 1200.0000 2 2 100.0000 1 1 0.0000 0 1.0000 0 1.0000 3104 1338645 0 1000000.0000 1233.0000 1233.0000 3.9656 1233.0000 32 0.0000 0.0000 1233.0000 1233.0000 2 2 83.1169 1 1
0.0000 1500.0000 1500.0000 2 2 55.5556 1 1 0.0000 0 1.0000 0 1.0000 3154 1339776 0 1000000.0000 1520.0000 1520.0000 7.3039 1520.0000 8 39.3939 0.0000 1520.0000 1520.0000 2 2 60.6061 1 1 0.0000 0 1.0000 0 1.0000 3155 1339777 0 1000000.0000 1660.0000 1660.0000 7.5252 1660.0000 8 0.0000 45.9459 1660.0000 1660.0000 2 2 54.0541 1 1 0.0000 0 1.0000 0 1.0000 3156 1339778 0 1000000.0000 1650.0000 1650.0000 7.3107 1650.0000 4 0.0000 77.5281 1650.0000 1650.0000 2 2 22.4719 1
0.0000 0.0000 600.0000 600.0000 0 0 81.1321 2 2 18.8679 0 1.0000 0 1.0000 3206 1339828 0 1000000.0000 980.0000 980.0000 16.5575 980.0000 8 0.0000 0.0000 980.0000 980.0000 0 0 56.5217 2 2 43.4783 0 1.0000 0 1.0000 3207 1339829 0 1000000.0000 1050.0000 1050.0000 10.0731 1050.0000 8 0.0000 0.0000 1050.0000 1050.0000 2 2 90.1408 1 1 9.8592 0 1.0000 0 1.0000 3208 1339830 0 1000000.0000 1147.0000 1147.0000 4.9490 1147.0000 8 0.0000 0.0000 1147.0000 1147.0000 2 2 96.6767
4 0.0000 0.0000 1140.0000 1140.0000 2 2 100.0000 1 1 0.0000 0 1.0000 0 1.0000 3258 1339880 0 1000000.0000 1160.0000 1160.0000 4.3873 1160.0000 8 0.0000 0.0000 1160.0000 1160.0000 2 2 68.3761 1 1 31.6239 0 1.0000 0 1.0000 3259 1339881 0 1000000.0000 1240.0000 1240.0000 5.5093 1240.0000 4 0.0000 0.0000 1240.0000 1240.0000 2 2 94.1176 1 1 5.8824 0 1.0000 0 1.0000 3260 1339882 0 1000000.0000 1250.0000 1250.0000 5.9630 1250.0000 8 0.0000 0.0000 1250.0000 1250.0000 2 2
972.0000 64 0.0000 0.0000 972.0000 972.0000 0 0 71.0145 2 2 28.9855 0 1.0000 0 1.0000 3310 1341011 0 1000000.0000 620.0000 620.0000 12.8782 620.0000 64 0.0000 0.0000 620.0000 620.0000 0 0 81.9820 2 2 18.0180 0 1.0000 0 1.0000 3311 1341012 0 1000000.0000 490.0000 490.0000 7.4756 490.0000 64 0.0000 0.0000 490.0000 490.0000 0 0 79.1667 2 2 20.8333 0 1.0000 0 1.0000 3312 1341013 0 1000000.0000 520.0000 520.0000 12.8813 520.0000 64 0.0000 0.0000 520.0000 520.0000 0
4.5951 1400.0000 64 0.0000 0.0000 1400.0000 1400.0000 2 2 100.0000 1 1 0.0000 0 1.0000 0 1.0000 3362 1341063 0 1000000.0000 1414.0000 1414.0000 8.3602 1414.0000 128 0.0000 0.0000 1414.0000 1414.0000 2 2 100.0000 1 1 0.0000 0 1.0000 0 1.0000 3363 1341064 0 1000000.0000 1325.0000 1325.0000 13.8127 1325.0000 128 0.0000 0.0000 1325.0000 1325.0000 2 2 100.0000 1 1 0.0000 0 1.0000 0 1.0000 3364 1341065 0 1000000.0000 1060.0000 1060.0000 17.3399 1060.0000 128 0.0000 0.0000 1060.0000 1060.0000
1460.0000 10.4706 1460.0000 32 0.0000 0.0000 1460.0000 1460.0000 2 2 100.0000 1 1 0.0000 0 1.0000 0 1.0000 3414 1342194 0 1000000.0000 1600.0000 1600.0000 11.0247 1600.0000 32 0.0000 0.0000 1600.0000 1600.0000 2 2 100.0000 1 1 0.0000 0 1.0000 0 1.0000 3415 1342195 0 1000000.0000 1720.0000 1720.0000 9.8315 1720.0000 32 0.0000 41.1765 1720.0000 1720.0000 2 2 58.8235 1 1 0.0000 0 1.0000 0 1.0000 3416 1342196 0 1000000.0000 1800.0000 1800.0000 9.0024 1800.0000 64 0.0000 67.7419 1800.0000
840.0000 840.0000 9.0433 840.0000 1 0.0000 0.0000 840.0000 840.0000 0 0 82.6087 2 2 17.3913 0 1.0000 0 1.0000 3466 1342246 0 1000000.0000 540.0000 540.0000 2.8411 540.0000 2 0.0000 0.0000 540.0000 540.0000 0 0 75.9036 2 2 24.0964 0 1.0000 0 1.0000 3467 1342247 0 1000000.0000 620.0000 620.0000 7.1684 620.0000 2 0.0000 0.0000 620.0000 620.0000 0 0 64.9123 2 2 35.0877 0 1.0000 0 1.0000 3468 1342248 0 1000000.0000 680.0000 680.0000 11.5292 680.0000 4 0.0000 0.0000
1000000.0000 1560.0000 1560.0000 4.1621 1560.0000 32 20.0000 0.0000 1560.0000 1560.0000 2 2 80.0000 1 1 0.0000 0 1.0000 0 1.0000 3518 1343377 0 1000000.0000 1543.0000 1543.0000 0.9421 1543.0000 128 13.0435 0.0000 1543.0000 1543.0000 2 2 86.9565 1 1 0.0000 0 1.0000 0 1.0000 3519 1343378 0 1000000.0000 1545.0000 1545.0000 0.8455 1545.0000 2 4.7619 0.0000 1545.0000 1545.0000 2 2 95.2381 1 1 0.0000 0 1.0000 0 1.0000 3520 1343379 0 1000000.0000 1515.0000 1515.0000 1.7897 1515.0000 2 42.8571
