Dew_Losna_grid_grid_source_to_sink/dew_landscape.txt
ncols         1195
nrows         1550
xllcorner     -75000
yllcorner     6450000
cellsize      1000
NODATA_value  -9999
[rows 102 to 135 of 206, columns 684 to 759 of 1195]
5329 1362507 0 1000000.0000 1460.0000 1460.0000 0.5004 1460.0000 2 55.5556 0.0000 1460.0000 1460.0000 2 2 44.4444 1 1 0.0000 0 1.0000 0 1.0000 5330 1362508 0 1000000.0000 1480.0000 1480.0000 1.7523 1480.0000 2 13.0435 0.0000 1480.0000 1480.0000 2 2 86.9565 1 1 0.0000 0 1.0000 0 1.0000 5331 1362509 0 1000000.0000 1560.0000 1560.0000 4.1767 1560.0000 4 0.0000 0.0000 1560.0000 1560.0000 2 2 100.0000 1 1 0.0000 0 1.0000 0 1.0000 5332 1362510 0 1000000.0000 1400.0000 1400.0000 6.1440
1.0000 5381 1362559 0 1000000.0000 1010.0000 1010.0000 6.7109 1010.0000 4 0.0000 0.0000 1010.0000 1010.0000 0 0 60.0000 2 2 40.0000 0 1.0000 0 1.0000 5382 1362560 0 1000000.0000 1100.0000 1100.0000 8.2470 1100.0000 4 0.0000 0.0000 1100.0000 1100.0000 2 2 66.6667 0 0 33.3333 0 1.0000 0 1.0000 5383 1362561 0 1000000.0000 1110.0000 1110.0000 10.1377 1110.0000 4 0.0000 0.0000 1110.0000 1110.0000 0 0 56.5217 2 2 43.4783 0 1.0000 0 1.0000 5384 1362562 0 1000000.0000 940.0000 940.0000
0 1.0000 5433 1362611 0 1000000.0000 1160.0000 1160.0000 4.3200 1160.0000 16 0.0000 0.0000 1160.0000 1160.0000 2 2 100.0000 1 1 0.0000 0 1.0000 0 1.0000 5434 1362612 0 1000000.0000 1260.0000 1260.0000 4.2062 1260.0000 8 0.0000 0.0000 1260.0000 1260.0000 2 2 100.0000 1 1 0.0000 0 1.0000 0 1.0000 5435 1362613 0 1000000.0000 1320.0000 1320.0000 1.9487 1320.0000 8 4.4444 0.0000 1320.0000 1320.0000 2 2 88.8889 1 1 6.6667 0 1.0000 0 1.0000 5436 1362614 0 1000000.0000 1280.0000
1.0000 0 1.0000 5485 1363743 0 1000000.0000 1090.0000 1090.0000 2.6489 1090.0000 128 0.0000 0.0000 1090.0000 1090.0000 2 2 55.6522 1 1 44.3478 0 1.0000 0 1.0000 5486 1363744 0 1000000.0000 1140.0000 1140.0000 6.9189 1140.0000 16 0.0000 0.0000 1140.0000 1140.0000 2 2 91.4286 1 1 8.5714 0 1.0000 0 1.0000 5487 1363745 0 1000000.0000 1300.0000 1300.0000 8.5006 1300.0000 64 0.0000 0.0000 1300.0000 1300.0000 2 2 100.0000 1 1 0.0000 0 1.0000 0 1.0000 5488 1363746 0 1000000.0000
0 1.0000 0 1.0000 5537 1363795 0 1000000.0000 850.0000 850.0000 0.7393 850.0000 2 0.0000 0.0000 850.0000 850.0000 0 0 60.0000 2 2 40.0000 0 1.0000 0 1.0000 5538 1363796 0 1000000.0000 850.0000 850.0000 4.9603 850.0000 2 0.0000 0.0000 850.0000 850.0000 0 0 56.5217 2 2 43.4783 0 1.0000 0 1.0000 5539 1363797 0 1000000.0000 891.0000 891.0000 9.3865 891.0000 4 0.0000 0.0000 891.0000 891.0000 2 2 78.4314 1 1 21.5686 0 1.0000 0 1.0000 5540 1363798 0
0.0000 0 1.0000 0 1.0000 5589 1364926 0 1000000.0000 2120.0000 2120.0000 3.8064 2120.0000 64 0.0000 20.0000 2120.0000 2120.0000 2 2 80.0000 1 1 0.0000 0 1.0000 0 1.0000 5590 1364927 0 1000000.0000 1990.0000 1990.0000 2.1047 1990.0000 32 0.0000 0.0000 1990.0000 1990.0000 2 2 100.0000 1 1 0.0000 0 1.0000 0 1.0000 5591 1364928 0 1000000.0000 1940.0000 1940.0000 8.0849 1940.0000 128 0.0000 48.7179 1940.0000 1940.0000 2 2 51.2821 1 1 0.0000 0 1.0000 0 1.0000 5592 1364929
0 31.0345 0 1.0000 0 1.0000 5641 1364978 0 1000000.0000 560.0000 560.0000 15.3120 560.0000 16 0.0000 0.0000 560.0000 560.0000 0 0 83.3333 2 2 16.6667 0 1.0000 0 1.0000 5642 1364979 0 1000000.0000 900.0000 900.0000 8.8426 900.0000 16 0.0000 0.0000 900.0000 900.0000 0 0 81.9820 2 2 18.0180 0 1.0000 0 1.0000 5643 1364980 0 1000000.0000 905.0000 905.0000 1.5811 905.0000 16 0.0000 0.0000 905.0000 905.0000 0 0 82.4561 2 2 17.5439 0 1.0000 0 1.0000 5644
1 1 0.0000 0 1.0000 0 1.0000 5693 1366109 0 1000000.0000 1860.0000 1860.0000 6.9188 1860.0000 64 0.0000 0.0000 1860.0000 1860.0000 2 2 100.0000 1 1 0.0000 0 1.0000 0 1.0000 5694 1366110 0 1000000.0000 1700.0000 1700.0000 7.2791 1700.0000 2 0.0000 0.0000 1700.0000 1700.0000 2 2 100.0000 1 1 0.0000 0 1.0000 0 1.0000 5695 1366111 0 1000000.0000 1560.0000 1560.0000 12.1096 1560.0000 2 0.0000 0.0000 1560.0000 1560.0000 2 2 100.0000 1 1 0.0000 0 1.0000 0 1.0000
82.9060 2 2 17.0940 0 1.0000 0 1.0000 5745 1366161 0 1000000.0000 800.0000 800.0000 10.0286 800.0000 64 0.0000 0.0000 800.0000 800.0000 0 0 83.3333 2 2 16.6667 0 1.0000 0 1.0000 5746 1366162 0 1000000.0000 597.0000 597.0000 6.2784 597.0000 64 0.0000 0.0000 597.0000 597.0000 0 0 81.6514 2 2 18.3486 0 1.0000 0 1.0000 5747 1366163 0 1000000.0000 426.0000 426.0000 6.5629 426.0000 2 0.0000 0.0000 426.0000 426.0000 0 0 81.8182 2 2 18.1818 0 1.0000 0
0 38.6918 2 2 24.1824 0 1.0000 0 1.0000 5797 1367291 0 1000000.0000 1060.0000 1060.0000 3.2352 1060.0000 64 4.0541 0.0000 1060.0000 1060.0000 0 0 68.9189 2 2 27.0270 0 1.0000 0 1.0000 5798 1367292 0 1000000.0000 1000.0000 1000.0000 4.3820 1000.0000 64 8.0972 0.0000 1000.0000 1000.0000 0 0 59.0804 2 2 32.8224 0 1.0000 0 1.0000 5799 1367293 0 1000000.0000 1040.0000 1040.0000 0.7558 1040.0000 1 1.9704 0.0000 1040.0000 1040.0000 0 0 53.4707 2 2 44.5589 0 1.0000
0 0 83.3333 2 2 16.6667 0 1.0000 0 1.0000 5849 1367343 0 1000000.0000 968.0000 968.0000 4.3659 968.0000 4 0.0000 0.0000 968.0000 968.0000 0 0 83.0508 2 2 16.9492 0 1.0000 0 1.0000 5850 1367344 0 1000000.0000 1010.0000 1010.0000 3.8875 1010.0000 128 0.0000 0.0000 1010.0000 1010.0000 0 0 82.4561 2 2 17.5439 0 1.0000 0 1.0000 5851 1367345 0 1000000.0000 880.0000 880.0000 8.5759 880.0000 1 0.0000 0.0000 880.0000 880.0000 0 0 82.9060 2 2 17.0940 0
1090.0000 1 1 54.8660 2 2 45.1340 0 1.0000 0 1.0000 5901 1367395 0 1000000.0000 1107.0000 1107.0000 2.6316 1107.0000 8 0.0000 0.0000 1107.0000 1107.0000 2 2 52.3732 1 1 47.6268 0 1.0000 0 1.0000 5902 1367396 0 1000000.0000 1187.0000 1187.0000 5.3038 1187.0000 16 0.0000 0.0000 1187.0000 1187.0000 2 2 72.3982 1 1 27.6018 0 1.0000 0 1.0000 5903 1367397 0 1000000.0000 1360.0000 1360.0000 2.0458 1360.0000 16 0.0000 0.0000 1360.0000 1360.0000 2 2 100.0000 1 1 0.0000
1260.0000 1260.0000 2 2 94.1176 1 1 5.8824 0 1.0000 0 1.0000 5953 1368524 0 1000000.0000 1220.0000 1220.0000 6.5072 1220.0000 2 0.0000 0.0000 1220.0000 1220.0000 1 1 58.2245 2 2 41.7755 0 1.0000 0 1.0000 5954 1368525 0 1000000.0000 1212.0000 1212.0000 3.6802 1212.0000 4 0.0000 0.0000 1212.0000 1212.0000 2 2 78.6241 1 1 21.3759 0 1.0000 0 1.0000 5955 1368526 0 1000000.0000 1240.0000 1240.0000 3.5651 1240.0000 4 0.0000 0.0000 1240.0000 1240.0000 2 2 99.6885 1 1
0.0000 1280.0000 1280.0000 2 2 77.6699 1 1 22.3301 0 1.0000 0 1.0000 6005 1368576 0 1000000.0000 1110.0000 1110.0000 10.6332 1110.0000 1 4.2667 0.0000 1110.0000 1110.0000 2 2 49.0940 0 0 46.6393 0 1.0000 0 1.0000 6006 1368577 0 1000000.0000 867.0000 867.0000 8.4214 867.0000 128 6.0837 0.0000 867.0000 867.0000 0 0 75.1331 2 2 18.7833 0 1.0000 0 1.0000 6007 1368578 0 1000000.0000 880.0000 880.0000 5.3474 880.0000 128 0.0000 0.0000 880.0000 880.0000 0 0 79.7980 2
0.0000 20.0000 1905.0000 1905.0000 2 2 80.0000 1 1 0.0000 0 1.0000 0 1.0000 6057 1369708 0 1000000.0000 1820.0000 1820.0000 8.3861 1820.0000 2 0.0000 0.0000 1820.0000 1820.0000 2 2 100.0000 1 1 0.0000 0 1.0000 0 1.0000 6058 1369709 0 1000000.0000 1633.0000 1633.0000 7.1189 1633.0000 2 0.0000 0.0000 1633.0000 1633.0000 2 2 100.0000 1 1 0.0000 0 1.0000 0 1.0000 6059 1369710 0 1000000.0000 1540.0000 1540.0000 7.5721 1540.0000 2 0.0000 0.0000 1540.0000 1540.0000 2 2 100.0000
16 1.2384 0.0000 920.0000 920.0000 0 0 71.7036 2 2 27.0580 0 1.0000 0 1.0000 6109 1369760 0 1000000.0000 1100.0000 1100.0000 3.6791 1100.0000 16 0.0000 0.0000 1100.0000 1100.0000 2 2 86.9565 1 1 13.0435 0 1.0000 0 1.0000 6110 1369761 0 1000000.0000 1020.0000 1020.0000 7.3407 1020.0000 1 0.0000 0.0000 1020.0000 1020.0000 0 0 66.6667 2 2 33.3333 0 1.0000 0 1.0000 6111 1369762 0 1000000.0000 840.0000 840.0000 9.1760 840.0000 1 0.0000 0.0000 840.0000 840.0000 0 0
1680.0000 1 0.0000 58.3333 1680.0000 1680.0000 2 2 41.6667 1 1 0.0000 0 1.0000 0 1.0000 6161 1370890 0 1000000.0000 1464.0000 1464.0000 18.2744 1464.0000 1 0.0000 0.0000 1464.0000 1464.0000 2 2 100.0000 1 1 0.0000 0 1.0000 0 1.0000 6162 1370891 0 1000000.0000 1080.0000 1080.0000 7.9354 1080.0000 128 0.0000 0.0000 1080.0000 1080.0000 0 0 77.2727 2 2 22.7273 0 1.0000 0 1.0000 6163 1370892 0 1000000.0000 1300.0000 1300.0000 8.9994 1300.0000 64 0.0000 0.0000 1300.0000 1300.0000 0
5.8788 1040.0000 64 0.0000 0.0000 1040.0000 1040.0000 0 0 73.3224 1 1 26.6776 0 1.0000 0 1.0000 6213 1370942 0 1000000.0000 1100.0000 1100.0000 6.0226 1100.0000 128 0.0000 0.0000 1100.0000 1100.0000 0 0 68.2540 2 2 31.7460 0 1.0000 0 1.0000 6214 1370943 0 1000000.0000 980.0000 980.0000 8.3465 980.0000 128 0.0000 0.0000 980.0000 980.0000 0 0 76.1905 2 2 23.8095 0 1.0000 0 1.0000 6215 1370944 0 1000000.0000 920.0000 920.0000 11.4587 920.0000 128 0.0000 0.0000 920.0000 920.0000
1968.0000 11.3779 1968.0000 1 0.0000 70.1493 1968.0000 1968.0000 2 2 29.8507 1 1 0.0000 0 1.0000 0 1.0000 6265 1372072 0 1000000.0000 1550.0000 1550.0000 22.9681 1550.0000 1 0.0000 44.4444 1550.0000 1550.0000 2 2 55.5556 1 1 0.0000 0 1.0000 0 1.0000 6266 1372073 0 1000000.0000 1020.0000 1020.0000 8.0459 1020.0000 64 0.0000 0.0000 1020.0000 1020.0000 2 2 51.2821 0 0 48.7179 0 1.0000 0 1.0000 6267 1372074 0 1000000.0000 1200.0000 1200.0000 18.4766 1200.0000 16 0.0000 0.0000 1200.0000
840.0000 840.0000 7.6803 840.0000 64 0.0000 0.0000 840.0000 840.0000 0 0 83.3333 2 2 16.6667 0 1.0000 0 1.0000 6317 1372124 0 1000000.0000 840.0000 840.0000 6.2971 840.0000 64 0.0000 0.0000 840.0000 840.0000 0 0 83.3333 2 2 16.6667 0 1.0000 0 1.0000 6318 1372125 0 1000000.0000 820.0000 820.0000 5.8874 820.0000 128 0.0000 0.0000 820.0000 820.0000 0 0 83.3333 2 2 16.6667 0 1.0000 0 1.0000 6319 1372126 0 1000000.0000 760.0000 760.0000 5.8688 760.0000 1 0.0000 0.0000
1000000.0000 1060.0000 1060.0000 3.8453 1060.0000 2 0.0000 0.0000 1060.0000 1060.0000 2 2 67.7966 1 1 32.2034 0 1.0000 0 1.0000 6369 1372176 0 1000000.0000 1170.0000 1170.0000 3.8648 1170.0000 4 0.0000 0.0000 1170.0000 1170.0000 2 2 94.3953 1 1 5.6047 0 1.0000 0 1.0000 6370 1372177 0 1000000.0000 1120.0000 1120.0000 2.3165 1120.0000 4 0.0000 0.0000 1120.0000 1120.0000 2 2 85.1064 1 1 14.8936 0 1.0000 0 1.0000 6371 1372178 0 1000000.0000 1180.0000 1180.0000 0.9237 1180.0000 8 0.0000
0 1000000.0000 1850.0000 1850.0000 10.6592 1850.0000 128 0.0000 0.0000 1850.0000 1850.0000 2 2 100.0000 1 1 0.0000 0 1.0000 0 1.0000 6421 1373303 0 1000000.0000 1640.0000 1640.0000 10.7179 1640.0000 64 0.0000 0.0000 1640.0000 1640.0000 2 2 100.0000 1 1 0.0000 0 1.0000 0 1.0000 6422 1373304 0 1000000.0000 1740.0000 1740.0000 8.4675 1740.0000 128 0.0000 0.0000 1740.0000 1740.0000 2 2 100.0000 1 1 0.0000 0 1.0000 0 1.0000 6423 1373305 0 1000000.0000 1587.0000 1587.0000 9.6120 1587.0000 128
1373354 0 1000000.0000 910.0000 910.0000 9.6134 910.0000 16 0.0000 0.0000 910.0000 910.0000 0 0 52.3810 2 2 47.6190 0 1.0000 0 1.0000 6473 1373355 0 1000000.0000 1200.0000 1200.0000 8.9155 1200.0000 16 0.0000 0.0000 1200.0000 1200.0000 2 2 94.9555 1 1 5.0445 0 1.0000 0 1.0000 6474 1373356 0 1000000.0000 1260.0000 1260.0000 2.8258 1260.0000 8 0.0000 0.0000 1260.0000 1260.0000 2 2 94.9555 1 1 5.0445 0 1.0000 0 1.0000 6475 1373357 0 1000000.0000 1312.0000 1312.0000 2.5788 1312.0000
6524 1374477 0 1000000.0000 1833.0000 1833.0000 10.4746 1833.0000 32 0.0000 56.5217 1833.0000 1833.0000 2 2 43.4783 1 1 0.0000 0 1.0000 0 1.0000 6525 1374478 0 1000000.0000 1890.0000 1890.0000 7.8159 1890.0000 128 10.0000 23.3333 1890.0000 1890.0000 2 2 66.6667 1 1 0.0000 0 1.0000 0 1.0000 6526 1374479 0 1000000.0000 1700.0000 1700.0000 7.1592 1700.0000 1 37.5000 0.0000 1700.0000 1700.0000 2 2 62.5000 1 1 0.0000 0 1.0000 0 1.0000 6527 1374480 0 1000000.0000 1538.0000 1538.0000 2.1052
1.0000 6576 1374529 0 1000000.0000 1170.0000 1170.0000 4.1791 1170.0000 1 0.0000 0.0000 1170.0000 1170.0000 2 2 69.7168 1 1 30.2832 0 1.0000 0 1.0000 6577 1374530 0 1000000.0000 1140.0000 1140.0000 3.5448 1140.0000 1 0.0000 0.0000 1140.0000 1140.0000 2 2 80.0000 0 0 20.0000 0 1.0000 0 1.0000 6578 1374531 0 1000000.0000 949.0000 949.0000 6.4464 949.0000 1 0.0000 0.0000 949.0000 949.0000 0 0 71.0145 2 2 28.9855 0 1.0000 0 1.0000 6579 1374532 0 1000000.0000 926.0000 926.0000
0 1.0000 6628 1375652 0 1000000.0000 1470.0000 1470.0000 10.1988 1470.0000 32 0.0000 0.0000 1470.0000 1470.0000 2 2 100.0000 1 1 0.0000 0 1.0000 0 1.0000 6629 1375653 0 1000000.0000 1660.0000 1660.0000 11.6208 1660.0000 16 0.0000 37.5000 1660.0000 1660.0000 2 2 62.5000 1 1 0.0000 0 1.0000 0 1.0000 6630 1375654 0 1000000.0000 1940.0000 1940.0000 4.9900 1940.0000 16 0.0000 31.0345 1940.0000 1940.0000 2 2 68.9655 1 1 0.0000 0 1.0000 0 1.0000 6631 1375655 0 1000000.0000 1840.0000
1.0000 0 1.0000 6680 1375704 0 1000000.0000 1028.0000 1028.0000 10.9890 1028.0000 16 0.0000 0.0000 1028.0000 1028.0000 0 0 66.6667 2 2 33.3333 0 1.0000 0 1.0000 6681 1375705 0 1000000.0000 1280.0000 1280.0000 9.4538 1280.0000 32 0.0000 0.0000 1280.0000 1280.0000 2 2 100.0000 1 1 0.0000 0 1.0000 0 1.0000 6682 1375706 0 1000000.0000 1420.0000 1420.0000 5.4508 1420.0000 64 0.0000 0.0000 1420.0000 1420.0000 2 2 100.0000 1 1 0.0000 0 1.0000 0 1.0000 6683 1375707 0 1000000.0000
0 1.0000 0 1.0000 6732 1375756 0 1000000.0000 960.0000 960.0000 4.1853 960.0000 32 0.0000 0.0000 960.0000 960.0000 0 0 74.3590 2 2 25.6410 0 1.0000 0 1.0000 6733 1375757 0 1000000.0000 911.0000 911.0000 1.2135 911.0000 32 0.0000 0.0000 911.0000 911.0000 0 0 58.7018 1 1 41.2982 0 1.0000 0 1.0000 6734 1375758 0 1000000.0000 960.0000 960.0000 3.1166 960.0000 4 8.3117 0.0000 960.0000 960.0000 2 2 50.9380 0 0 40.7504 0 1.0000 0 1.0000 6735 1375759 0
0.0000 0 1.0000 0 1.0000 6784 1376876 0 1000000.0000 1560.0000 1560.0000 5.9096 1560.0000 1 0.0000 0.0000 1560.0000 1560.0000 2 2 100.0000 1 1 0.0000 0 1.0000 0 1.0000 6785 1376877 0 1000000.0000 1390.0000 1390.0000 1.8517 1390.0000 128 0.0000 0.0000 1390.0000 1390.0000 2 2 100.0000 1 1 0.0000 0 1.0000 0 1.0000 6786 1376878 0 1000000.0000 1447.0000 1447.0000 8.0008 1447.0000 64 4.7619 0.0000 1447.0000 1447.0000 2 2 95.2381 1 1 0.0000 0 1.0000 0 1.0000 6787 1376879
2 16.6667 0 1.0000 0 1.0000 6836 1376928 0 1000000.0000 424.0000 424.0000 13.1803 424.0000 64 0.0000 0.0000 424.0000 424.0000 0 0 81.4815 2 2 18.5185 0 1.0000 0 1.0000 6837 1376929 0 1000000.0000 320.0000 320.0000 9.2293 320.0000 1 0.0000 0.0000 320.0000 320.0000 0 0 62.9630 2 2 37.0370 0 1.0000 0 1.0000 6838 1376930 0 1000000.0000 380.0000 380.0000 7.9366 380.0000 128 0.0000 0.0000 380.0000 380.0000 0 0 70.5882 2 2 29.4118 0 1.0000 0 1.0000 6839
1 1 0.0000 0 1.0000 0 1.0000 6888 1378048 0 1000000.0000 1470.0000 1470.0000 10.5095 1470.0000 64 0.0000 0.0000 1470.0000 1470.0000 2 2 100.0000 1 1 0.0000 0 1.0000 0 1.0000 6889 1378049 0 1000000.0000 1310.0000 1310.0000 2.4852 1310.0000 64 0.0000 0.0000 1310.0000 1310.0000 2 2 100.0000 1 1 0.0000 0 1.0000 0 1.0000 6890 1378050 0 1000000.0000 1400.0000 1400.0000 14.3958 1400.0000 16 0.0000 0.0000 1400.0000 1400.0000 2 2 100.0000 1 1 0.0000 0 1.0000 0 1.0000
100.0000 1 1 0.0000 0 1.0000 0 1.0000 6940 1378100 0 1000000.0000 1430.0000 1430.0000 4.3602 1430.0000 128 0.0000 0.0000 1430.0000 1430.0000 2 2 100.0000 1 1 0.0000 0 1.0000 0 1.0000 6941 1378101 0 1000000.0000 1280.0000 1280.0000 15.2593 1280.0000 1 0.0000 0.0000 1280.0000 1280.0000 2 2 100.0000 1 1 0.0000 0 1.0000 0 1.0000 6942 1378102 0 1000000.0000 820.0000 820.0000 14.1865 820.0000 1 0.0000 0.0000 820.0000 820.0000 0 0 82.4561 2 2 17.5439 0 1.0000 0
1 60.3080 2 2 27.3738 0 1.0000 0 1.0000 6992 1378152 0 1000000.0000 933.0000 933.0000 1.8074 933.0000 4 0.0000 0.0000 933.0000 933.0000 0 0 50.0000 2 2 50.0000 0 1.0000 0 1.0000 6993 1378153 0 1000000.0000 987.0000 987.0000 1.6388 987.0000 8 0.0000 0.0000 987.0000 987.0000 1 1 65.8485 2 2 34.1515 0 1.0000 0 1.0000 6994 1378154 0 1000000.0000 972.0000 972.0000 1.8537 972.0000 4 0.0000 0.0000 972.0000 972.0000 1 1 75.2322 2 2 24.7678 0 1.0000
2 2 62.5000 1 1 0.0000 0 1.0000 0 1.0000 7044 1379272 0 1000000.0000 1653.0000 1653.0000 10.7773 1653.0000 8 0.0000 0.0000 1653.0000 1653.0000 2 2 100.0000 1 1 0.0000 0 1.0000 0 1.0000 7045 1379273 0 1000000.0000 1980.0000 1980.0000 9.6061 1980.0000 16 0.0000 4.7619 1980.0000 1980.0000 2 2 95.2381 1 1 0.0000 0 1.0000 0 1.0000 7046 1379274 0 1000000.0000 2050.0000 2050.0000 7.5961 2050.0000 4 0.0000 4.7619 2050.0000 2050.0000 2 2 95.2381 1 1 0.0000 0
